1173 0 nil
3249 67 20567195
12716 40 14467351
22083 74 14748817
23803 124 15936314
46463 62 16335920
157193 98 19548507
174853 84 14993466
557503 96 8877252
610133 131 557503
646193 73 797844
662023 127 8466292
671013 149 19532920
703083 108 1584901
724893 65 1035491
742333 142 16951482
754718 124 30636987
754799 119 49096814
758474 175 21316438
761032 73 41119362
765775 129 14281938
771248 71 1035491
772527 70 9295102
779471 120 20990623
784848 120 6835492
786681 96 18189237
794676 156 798329
796409 54 16335920
797844 64 22773195
798329 141 754718
802318 81 46463
803490 81 5974052
804594 113 2046051
809667 125 754718
817200 79 817892
817279 110 41885915
817892 67 6243822
820678 86 1035491
849791 58 16492295
864121 82 6634482
893121 79 14748817
1035491 46 12716
1053341 59 19907248
1070451 77 13683952
1132291 90 1035491
1172631 185 7848592
1208061 157 610133
1214091 72 1035491
1276151 80 17915072
1281581 103 14285063
1363711 70 41119362
1385451 90 14236210
1403261 66 16454410
1425731 172 5819362
1427321 81 817200
1436551 54 17517978
1490411 64 19383219
1547091 144 53302037
1584901 66 7479922
1586031 81 6634482
1606921 99 6634482
2000931 70 19165764
2046051 83 1035491
2158191 94 14144487
2181141 134 8273852
2253441 97 47072182
2266741 123 6023362
2281821 54 6634482
2298181 85 16411782
2619391 102 174853
2627601 102 1276151
2757281 73 9768252
2791821 62 16434256
2850321 115 37889873
3198701 67 6634482
3236121 56 14467351
3262301 48 23621572
3887561 101 17602896
3943771 105 6023362
4122611 75 11595562
4508261 84 14371136
4784301 74 18189237
4929971 99 6520852
5111821 96 14993466
5151031 108 17732153
5222251 117 49821407
5224771 116 16484444
5424842 108 557503
5565502 89 22083
5609352 120 5918802
5685642 114 1276151
5708332 163 14512358
5737612 87 6634482
5743382 97 15910642
5793092 91 22173346
5819362 124 2046051
5918802 88 7479922
5922302 107 15746645
5974052 52 16335920
6023362 90 21344248
6036242 61 26421672
6040252 102 817200
6045892 88 22088677
6063112 127 2627601
6073132 135 5819362
6078192 120 20183333
6080862 84 14966703
6147612 92 19907248
6243822 64 17602896
6245602 83 8691722
6254782 99 17329107
6267522 14 1173
6404842 175 798329
6470802 109 9073242
6480892 125 5819362
6486822 158 5819362
6520852 53 6634482
6614142 82 16454410
6624912 109 1276151
6634482 50 1173
6648292 59 6634482
6651432 187 7848592
6653202 128 14545467
6719102 62 6634482
6721492 206 1172631
6757352 59 17227967
6820332 60 14821347
6821602 83 58022157
6835492 111 6023362
6968082 95 1035491
7050752 129 11746652
7064912 204 8055802
7136302 98 14307869
7210882 123 1276151
7212162 60 1035491
7221182 104 14371136
7280572 68 13683952
7314622 148 6073132
7317522 88 41119362
7374322 111 1276151
7405912 99 10003162
7455242 57 9295102
7471742 79 16454410
7479922 58 45354022
7493442 56 48107323
7504712 95 14465628
7662292 72 6820332
7717062 60 9697042
7753372 137 5819362
7768622 27 1173
7785592 99 33083042
7803922 58 21029741
7848592 143 7909502
7859542 169 6486822
7886092 91 7471742
7898462 100 14250046
7909502 118 19355577
7914982 73 19012615
7942402 139 25803340
7944622 94 1035491
7947522 55 14569735
7968702 75 6634482
8055802 163 7848592
8059272 55 1035491
8067982 65 6634482
8080302 110 14752841
8150872 87 18949610
8180702 216 1172631
8200222 61 10473582
8222182 117 15518824
8273852 86 37889873
8287862 113 761032
8351762 60 37199976
8359362 65 1035491
8460332 59 1035491
8466292 124 14973291
8477392 114 8697992
8541882 132 17732153
8544732 139 13220962
8614022 87 38740639
8669882 57 17602896
8691722 52 15074233
8697992 83 8351762
8726942 47 1035491
8780662 66 18949610
8797432 83 6634482
8812452 75 16613852
8876432 97 19280192
8877252 84 1053341
8895902 64 29793576
8993582 116 29677076
9004722 100 40537978
9023142 66 14966703
9058902 53 38032856
9059822 130 46605838
9071192 220 23573031
9073242 80 14371282
9201382 91 817200
9257392 212 6404842
9266382 65 6634482
9295102 49 23621572
9304922 114 6835492
9336582 114 8877252
9384502 85 26150361
9408852 83 15717433
9421882 174 14531815
9536212 48 1035491
9541632 82 34026099
9551802 59 849791
9567952 60 12716
9648652 71 38740639
9654012 100 1276151
9697042 54 1035491
9731972 83 22083
9762512 99 8351762
9768252 52 14569735
9774292 78 10003162
9813132 53 6634482
9909682 95 36019258
9917602 97 28354204
9998012 62 23668206
10003162 68 23682192
10010982 84 2046051
10083252 53 28364768
10177682 156 671013
10232582 63 15449444
10312392 75 18189237
10316422 61 12716
10349422 88 14746423
10364092 55 7768622
10452452 84 46463
10471772 21 1173
10473582 53 14136886
10544982 99 6023362
10681192 118 17732153
10752192 100 17995265
10794402 123 6023362
10817892 70 6634482
10832702 74 18098583
10882812 82 45390617
10897282 70 34556001
10941332 94 10003162
11023172 57 35070426
11147302 75 18675263
11240192 111 19595488
11266062 111 17909456
11306852 65 17425246
11369332 77 22083
11381862 92 26858380
11401172 110 1276151
11408242 78 6634482
11464132 104 47675454
11595562 49 17476100
11746652 91 6634482
11760082 52 1035491
11769232 103 59561963
11778002 94 16450860
11787172 123 17969580
11809172 68 23970770
11859822 53 20439922
11879622 55 1035491
11888702 87 8877252
11925472 59 36019258
11961192 93 14069394
11961232 64 15965708
11970082 71 5974052
11989632 124 817200
12016992 66 6634482
12023932 118 17958545
12030222 125 893121
12036682 84 16404741
12069892 115 18082478
12087642 120 1276151
12161622 78 42754488
12182252 114 893121
12330862 74 17329107
12357962 79 17602896
12359162 89 646193
12405332 108 1276151
12408632 126 174853
12423152 126 16381256
12461132 62 17602896
12487002 80 22083
12499232 76 18559168
12518282 79 18388767
12519682 88 14993466
12549612 144 2181141
12563582 74 31579244
12572512 82 21702798
12614892 68 21314454
12747912 141 16625432
12757512 90 6634482
12781152 137 17350163
12847662 80 35445773
12883422 85 20221681
12940052 91 817200
12949472 133 52211505
12958122 62 14783335
13035282 62 38381745
13053942 80 1035491
13076502 82 16454410
13109572 92 802318
13115312 102 5918802
13191192 113 14430046
13203362 65 16629016
13220962 103 18022942
13221842 55 17220905
13269012 52 18765489
13297492 93 20809660
13315712 189 20642205
13375242 66 9998012
13377222 178 22111315
13445242 83 17602896
13492492 52 15713200
13540812 99 14278066
13605772 94 9648652
13683952 64 19599726
13688042 105 8273852
13703802 71 5974052
13755282 62 6820332
13818302 90 15795290
13841682 97 17224151
13898542 80 10316422
13908202 80 14285063
13910972 57 43690785
13912332 90 7280572
14049014 101 14465628
14051946 69 6634482
14063340 103 16454410
14069394 75 26710480
14073710 98 14430421
14075803 115 24739869
14081288 84 1035491
14086953 84 1035491
14112425 92 17602896
14113167 92 802318
14114554 113 7280572
14115365 89 20575748
14117661 106 57772889
14118247 69 7768622
14121929 110 12518282
14128315 71 14821347
14129412 129 6023362
14130408 122 15139429
14131628 94 797844
14136886 39 14467351
14141063 105 29044420
14144487 64 14687293
14152427 67 15565558
14164650 102 12487002
14168970 84 1035491
14173840 73 18050020
14173971 52 1035491
14174685 85 22088677
14179684 133 174853
14184884 108 18572199
14189586 120 14168970
14189587 80 47675454
14191395 80 17197049
14192821 127 6023362
14197615 159 7210882
14204391 51 16335920
14208633 60 9551802
14210865 90 14144487
14211032 64 44014060
14211663 91 18670261
14214661 98 23123427
14224614 94 5918802
14229430 51 25717416
14231885 55 1035491
14236210 60 20625644
14236559 101 7280572
14237208 77 14430923
14245263 108 12958122
14245505 58 20575748
14250046 94 16454410
14253908 141 5819362
14257808 56 8059272
14261010 161 6073132
14264516 95 22967466
14264848 107 22083
14266448 83 14569735
14274762 98 19482545
14278066 74 8691722
14280416 112 13076502
14281938 115 7317522
14285063 64 12716
14287984 74 6634482
14291967 76 849791
14294227 126 5819362
14297336 72 11595562
14298048 120 5918802
14306768 79 6634482
14307869 77 18110220
14311730 102 6023362
14313720 99 15937933
14317198 98 817200
14317415 104 7717062
14317972 67 724893
14322415 85 15386589
14323417 51 7768622
14325968 137 6073132
14331839 52 49209499
14333303 155 7210882
14333474 80 18675263
14339632 117 46605838
14339667 114 19723418
14354318 98 7280572
14367902 94 5918802
14368665 91 2000931
14370490 112 15221646
14371136 73 14821347
14371282 68 6243822
14378480 112 17732153
14380804 118 18056981
14381060 50 15768489
14388192 70 7493442
14404554 94 14210865
14408366 65 16404741
14410206 90 18189237
14420389 140 26822967
14430046 93 18084348
14430421 73 18837053
14430923 62 40313124
14432482 71 11023172
14433679 126 5918802
14436618 150 17732153
14439757 76 57528124
14441335 88 14069394
14459145 93 1035491
14465628 56 14746423
14467351 34 15351734
14476756 105 19280192
14482599 46 16335920
14510608 123 46605838
14512358 162 7210882
14514411 64 17536007
14527140 98 802318
14531815 145 17232678
14540222 97 56050480
14540478 61 17602896
14545467 100 26150361
14562877 151 13220962
14569735 48 14136886
14570193 131 17732153
14571787 86 6757352
14574514 108 1053341
14577517 82 11859822
14579921 53 25025831
14582519 108 16087234
14583589 120 20773125
14590533 105 14297336
14591220 93 36274520
14593871 120 15854113
14594134 103 14936139
14598850 108 22705436
14603148 109 16619881
14604262 229 15359559
14610436 113 15963374
14626188 49 1035491
14640487 95 19582226
14641650 93 18813684
14642388 145 14945705
14649376 111 22983821
14660419 65 16335920
14663558 52 15074233
14668334 95 15416686
14675799 164 20840564
14678963 51 16404741
14679179 95 1276151
14686564 61 15448838
14687293 53 37002244
14690796 62 17602896
14692618 100 13375242
14695039 111 18949610
14697921 171 7210882
14701645 107 30250360
14704475 90 17517978
14719619 90 14514411
14728249 58 15074233
14731900 50 14821347
14734679 92 21523246
14745185 57 16255054
14746423 54 26150361
14748817 70 6634482
14752723 107 14972919
14752841 60 7479922
14756925 53 16404741
14760957 116 13540812
14769030 80 17329107
14770804 234 6721492
14771972 57 1035491
14773401 150 15436920
14783335 57 1035491
14783353 107 893121
14787387 99 41885915
14803082 32 1173
14809767 110 1276151
14818681 94 20438226
14821347 45 14136886
14825816 95 38932246
14827200 138 17732153
14848434 117 761032
14858940 70 32224948
14862581 99 6023362
14870878 109 25136175
14882328 122 46605838
14887874 63 7947522
14896618 48 14467351
14903139 116 14307869
14921850 124 15739707
14923311 81 16454410
14935116 79 16631094
14936139 78 18291673
14937068 89 16220084
14938467 99 17086425
14941042 93 19013887
14945705 140 26256193
14953679 62 14821347
14958674 158 18995825
14963539 130 55058256
14964657 104 15895028
14966703 49 14569735
14969532 62 35070426
14972919 101 14430046
14973291 103 37528326
14980653 88 12614892
14993466 66 6820332
15008303 106 46605838
15008590 131 16039539
15021827 73 14317972
15039785 145 14582519
15045592 144 15854113
15048424 131 32859224
15057383 96 18949610
15063173 148 17732153
15067046 119 15416686
15074233 51 16335920
15076504 97 38932246
15079798 55 32224948
15084986 117 893121
15101263 54 16404741
15107961 125 17732153
15108046 82 9551802
15119641 94 10003162
15121537 138 17732153
15125342 104 15416686
15125587 80 18573075
15127804 49 1035491
15129385 74 1584901
15131933 83 17329107
15133746 124 174853
15135084 125 41116723
15136451 99 15194086
15139429 84 16831990
15143706 53 25025831
15144304 72 23123427
15144828 79 8200222
15154671 110 17732153
15159084 61 9768252
15159589 54 29730809
15164841 120 802318
15171664 77 16303973
15188999 63 17517978
15194086 56 25025831
15206141 96 37889873
15210091 68 14467351
15211996 98 13898542
15212568 71 17127100
15216625 91 1276151
15218013 29 1173
15221646 73 19411265
15222218 85 22088677
15223438 62 7768622
15228226 59 19383219
15236634 88 15951763
15238012 106 17958545
15241044 95 15695411
15249394 103 21616244
15250162 74 23853477
15255267 111 14577517
15265194 56 1035491
15265466 85 6245602
15267283 100 22967466
15270849 124 15250162
15276528 73 16404741
15279621 59 1035491
15288406 91 1035491
15294676 179 6073132
15298043 79 37528326
15298448 58 27615378
15301640 57 16404741
15311605 71 14966703
15316349 81 44680977
15317456 94 15536464
15322803 98 15951763
15323300 56 23521478
15336933 116 30272764
15351734 33 7768622
15356324 68 11859822
15359322 53 16404741
15359559 187 12781152
15364615 61 1035491
15368524 82 50076050
15375582 149 34882813
15386589 77 14144487
15391367 68 15859588
15393918 56 18754728
15395959 122 25031795
15408235 99 15766161
15412118 87 14408366
15413401 84 46605838
15416686 86 16087234
15426974 96 14686564
15428971 75 14686564
15430445 96 36019258
15432266 70 18765489
15436920 104 51615168
15439236 81 36018608
15441539 66 40537978
15442614 57 26421672
15442617 66 14746423
15445849 104 22039411
15448838 49 14569735
15449444 52 35165052
15451854 44 38461590
15453462 141 22333921
15458364 79 13492492
15459702 108 15939540
15459942 71 1035491
15465403 99 38740639
15477298 49 16335920
15484972 167 36003617
15486598 93 16831990
15508108 48 23863450
15517665 100 15922302
15518824 98 817200
15523980 70 41119362
15535360 79 14069394
15536464 70 1035491
15542255 53 23542821
15548275 113 14317415
15549220 127 25828236
15561331 64 20625644
15565558 51 16912067
15565623 85 16492295
15566909 136 21943281
15594846 102 32659639
15595376 124 18742713
15598374 53 7768622
15600295 83 20463922
15616493 93 36965595
15618029 64 6820332
15618074 188 19952716
15618225 80 22323134
15634786 66 10471772
15639044 133 20445809
15643028 94 14514411
15643730 73 50717718
15644074 77 15212568
15649662 71 16976485
15652730 76 17602896
15660097 84 15922302
15660129 62 12716
15663023 107 17466082
15693162 103 6080862
15693558 64 17602896
15695411 61 18567205
15702917 113 17230850
15703763 80 29044420
15705538 111 16890945
15705921 111 9648652
15710079 83 44471888
15713200 50 18765489
15717433 52 20410266
15729274 122 15241044
15729808 76 14285063
15737762 56 17517978
15738014 62 12716
15739707 83 16404741
15742985 145 1281581
15744681 70 17602896
15746645 74 11961232
15747466 72 16924832
15749852 172 7848592
15751301 120 43074937
15752507 123 19907040
15754349 65 6634482
15765489 110 10003162
15766161 72 11595562
15768489 46 16335920
15769321 80 646193
15775576 56 16711640
15778584 72 16629016
15778988 170 21316438
15780460 83 20594910
15795035 70 8691722
15795290 89 802318
15799150 59 23668206
15805555 169 14130408
15814274 93 30196680
15814346 91 9295102
15837968 156 21446854
15843630 82 18399720
15844717 79 17425246
15852098 62 14803082
15852456 83 646193
15854113 96 7471742
15856714 148 16826653
15858102 170 5819362
15859588 67 15451854
15861670 114 27052060
15869169 86 18189237
15872017 101 46605838
15873883 98 15910642
15879032 121 17009384
15890620 55 16478093
15893110 58 16404741
15895028 83 14144487
15895620 53 14467351
15902218 75 15768489
15906442 76 14257808
15909309 118 14972919
15910642 77 9295102
15915289 91 14514411
15917446 102 15267283
15917594 129 12036682
15920032 62 6634482
15922302 57 11595562
15923145 97 13375242
15924107 68 14745185
15924542 78 22323134
15933418 135 17732153
15934362 122 17732153
15936314 90 1035491
15937933 59 1436551
15939540 79 20463922
15951763 85 19594968
15955275 108 3249
15963374 100 5918802
15964868 143 13220962
15965708 62 20625644
15966646 99 17602896
15972551 95 22083
15976748 93 22173346
15977495 86 23621572
15979783 99 8351762
15981649 58 3262301
15983888 113 17732153
15988298 64 18110686
15988858 86 17602896
16003225 54 22088677
16006856 99 14514411
16009980 69 6634482
16010306 116 16480411
16024104 78 17680260
16024433 64 24902209
16027386 159 29307483
16030234 140 17732153
16032077 95 17009384
16039539 113 17732153
16039992 111 18327022
16050960 89 24432205
16059515 88 16335920
16061658 82 17425246
16063483 74 796409
16067149 70 20410266
16087234 77 28652333
16092202 127 17732153
16093223 68 23668206
16097234 59 17602896
16103840 97 6023362
16110762 162 5222251
16114456 139 17732153
16121042 123 17732153
16131603 144 15249394
16134597 79 16454410
16137861 76 16454410
16145260 64 24902209
16149024 86 23668206
16152972 84 17009384
16155042 70 36019258
16169136 200 16110762
16176784 72 36019258
16182527 95 15988858
16187113 59 20410266
16190528 88 27875464
16195087 78 15536464
16195180 51 16335920
16195565 76 14173840
16196481 65 6648292
16202251 68 16404741
16213171 65 6634482
16215905 61 16506060
16216894 112 18958844
16220084 62 18837053
16225078 67 15565558
16230492 94 21143188
16242852 94 15101263
16248256 70 15738014
16255054 52 16335920
16260928 103 14514411
16264126 77 16454410
16265007 81 31046250
16266702 137 6073132
16274109 87 42754488
16274517 114 17732153
16280566 86 25025831
16283198 56 27615378
16285048 143 14972919
16287780 113 17259392
16290918 141 6073132
16292115 61 57772889
16295572 101 23007468
16297009 129 15923145
16297351 106 17584399
16300569 91 16063483
16301430 116 17732153
16303573 117 15536464
16303973 69 17602896
16304725 87 14769030
16314416 94 17119513
16316319 102 16454410
16320523 84 15778584
16335920 44 7768622
16337783 87 31309681
16342699 143 6073132
16345187 95 14719619
16346010 56 39838346
16350622 87 6634482
16353408 148 16625432
16375404 58 17602896
16381256 97 26150361
16387793 55 16404741
16391554 86 21247546
16395661 114 25917361
16395785 100 41402980
16403035 60 31445581
16404741 48 15451854
16407225 59 25025831
16409698 84 16404741
16410008 98 46605838
16411782 79 14993466
16412367 55 18837053
16423557 123 15910642
16434256 57 11879622
16444268 85 14371282
16450860 69 3262301
16454410 55 12716
16455452 106 17732153
16458129 105 36019258
16458639 146 14117661
16461464 108 36019258
16462683 117 21616244
16466289 99 30855218
16472559 87 15222218
16478093 48 14136886
16480411 79 18765489
16484444 109 14441335
16492295 54 57528124
16504525 92 17625467
16506060 52 7768622
16518494 66 16976485
16521147 80 16404741
16523341 55 20575748
16539968 145 20183333
16540217 145 17732153
16549129 64 17329107
16550335 116 14297336
16551967 73 19411265
16557497 71 43328190
16565308 77 14687293
16573072 82 7280572
16576211 129 17696103
16578671 61 15393918
16581291 56 6634482
16581832 73 11859822
16592359 114 14266448
16599146 150 26376755
16606008 89 47686366
16606165 65 15074233
16608188 133 19656438
16610066 109 17453563
16613852 67 14745185
16619224 127 47866116
16619881 86 18399720
16621333 202 13377222
16625432 126 9654012
16629016 48 1035491
16631094 60 38693753
16634295 75 14297336
16634991 53 16912067
16636545 54 16634991
16637499 105 7947522
16645795 62 13492492
16650911 102 17602896
16666619 95 41119362
16669829 64 7768622
16674423 68 39889317
16676390 62 16454410
16677545 174 754718
16683436 87 24276026
16684670 92 16976485
16685991 100 17602896
16688360 92 29190860
16696736 85 25717416
16711640 50 18559168
16716641 155 6073132
16718750 143 24278341
16718751 85 25025831
16720259 81 19013887
16723682 55 16711640
16725637 83 8691722
16734881 61 27615378
16742870 65 25025831
16745221 136 15164841
16747926 69 8351762
16749187 78 7280572
16780961 139 26772164
16788000 101 46154412
16800162 70 16003225
16801396 112 35872905
16809794 133 17732153
16810093 47 14821347
16815174 149 742333
16820257 90 16454410
16826653 106 16676390
16827551 87 28418772
16830469 165 12781152
16831050 98 22173346
16831990 75 17517978
16840574 104 8150872
16849603 119 26710480
16852816 116 41228944
16861437 73 33312937
16861656 49 16335920
16870070 169 25368990
16885051 100 15565623
16890945 87 17329107
16892947 81 849791
16893935 62 17612729
16898748 103 18440174
16899323 126 893121
16908090 160 20445809
16912067 45 16335920
16915512 92 2298181
16917512 101 16506060
16917891 63 14136886
16924832 50 23621572
16925712 126 46605838
16930172 184 6073132
16936748 57 25717416
16940843 76 27998376
16942928 73 19907248
16951482 114 22484174
16954200 105 7947522
16957156 89 46463
16963361 207 758474
16969874 78 55767654
16974799 89 17425246
16976485 64 23668206
17000400 87 14686564
17001077 115 16484444
17008153 107 34556001
17008378 94 16454410
17009384 79 15795035
17013993 93 28911353
17025194 89 18388767
17031248 67 18754728
17032096 145 18096249
17049750 176 6073132
17055388 42 29730809
17056511 93 11879622
17058358 187 16540217
17065630 57 18765489
17069993 93 25461155
17072938 92 17602896
17086425 82 7280572
17096992 56 16454410
17097185 98 6634482
17099931 84 16454410
17100743 113 26822967
17119513 55 1035491
17125632 99 18040544
17127100 68 14569735
17132098 59 14136886
17133231 104 49008438
17157438 84 1035491
17170757 87 16454410
17177717 85 16454410
17193232 219 20642205
17197049 65 39889317
17198642 116 52858102
17199631 76 35828499
17202653 81 1035491
17220905 52 1035491
17224142 63 26421672
17224151 55 19137016
17226079 70 18478762
17227967 52 47538354
17230850 85 28652333
17232089 82 16454410
17232678 100 15852098
17247687 65 14821347
17249284 110 18911420
17250640 109 14993466
17259392 68 17315792
17275394 59 16454410
17285742 138 11989632
17288567 61 16454410
17291730 109 786681
17292406 57 16454410
17299388 79 19110762
17299833 81 13683952
17307913 90 18765489
17315792 60 6634482
17323204 57 6634482
17329107 56 14731900
17331970 86 18567205
17332704 162 20445809
17333256 88 4784301
17344056 59 29793576
17347467 95 36019258
17350163 121 14237208
17351348 57 37028399
17367283 93 1035491
17367549 157 49821407
17369609 99 15895028
17371960 79 15223438
17377271 71 26024698
17384343 76 28108536
17392367 54 22323134
17393421 79 15536464
17415192 119 19922973
17425246 55 17517978
17429290 52 16335920
17431302 65 7768622
17434857 99 14430421
17436983 81 43877373
17444676 72 16404741
17451128 97 28377232
17453563 81 26948533
17463965 91 17602896
17466082 93 14734679
17467300 76 1035491
17468701 62 10473582
17468802 93 14191395
17472769 74 36019258
17476100 34 7768622
17481150 109 24928817
17485360 73 36019258
17496570 75 772527
17497773 86 1035491
17504275 82 45277336
17511879 64 16220084
17513721 62 23387320
17516031 91 15939540
17517978 46 16335920
17530134 101 15171664
17535841 88 16454410
17535843 70 10473582
17536007 60 17851853
17543777 159 6073132
17553896 97 5974052
17565465 64 15101263
17570345 72 16454410
17575107 82 14858940
17575505 140 15751301
17583389 65 16454410
17584179 73 46199794
17584399 93 18493692
17587416 93 14756925
17593742 115 19280192
17596535 51 22323134
17599890 120 19013887
17599896 56 43245456
17602896 54 14821347
17609360 68 28652333
17610324 74 55985554
17612729 60 16404741
17618764 115 12563582
17620502 126 20287041
17625467 72 17909456
17641491 54 27563460
17651597 61 17329107
17653701 62 16454410
17655922 97 44357322
17656827 129 17732153
17661605 146 17732153
17675280 62 1035491
17676973 103 7493442
17679757 74 22323134
17680260 56 13492492
17681847 72 18050020
17696103 106 15747466
17701591 86 1035491
17716271 104 15250162
17732153 100 20463922
17750179 91 27563460
17757809 122 17868107
17760271 56 25025831
17770009 73 15768489
17772813 69 16454410
17784598 88 20438226
17788777 55 14746423
17791512 114 22039411
17801029 50 14821347
17813816 71 1403261
17816401 79 23656804
17825854 92 20639600
17828764 155 14574514
17837158 93 1035491
17844262 164 18087351
17851853 59 54997958
17855342 131 15430445
17867420 66 16634991
17867535 68 37474139
17868107 111 28828940
17872862 111 17584179
17876233 79 18056981
17882656 116 14115365
17884088 77 16434256
17904158 62 18008804
17909131 137 15125342
17909456 63 18228647
17910018 58 20410266
17915072 70 16734881
17915711 58 38031590
17931183 98 10452452
17932707 157 21446854
17958545 72 37135294
17963333 94 14408366
17964662 88 20410266
17967492 86 17610324
17969580 83 15298043
17977551 52 14821347
17982823 133 25741057
17995265 59 17227967
17996962 100 6023362
17999781 91 16335920
18001433 90 10003162
18001658 107 18291673
18001739 74 26150361
18003964 104 17602896
18008804 56 15477298
18020581 60 16434256
18022836 132 16320523
18022942 75 17995265
18030304 59 1035491
18033084 67 18837053
18039657 68 17602896
18040326 91 17770009
18040544 70 11879622
18041362 60 17329107
18046420 60 18110220
18050020 56 796409
18050436 56 14569735
18056981 70 18110220
18066750 50 1035491
18069141 182 742333
18069314 120 21748800
18069397 91 17909456
18070718 73 22323134
18072833 121 18069314
18077668 96 13203362
18078719 100 15364615
18082478 68 17517978
18084348 64 16335920
18087351 118 14430421
18096249 111 15594846
18098583 69 14514411
18099877 45 23863450
18100987 85 16676390
18103791 55 25025831
18110220 58 9536212
18110686 57 7768622
18125321 116 15536464
18129716 137 14582519
18146933 94 17127100
18151275 55 14821347
18152843 121 19013887
18154676 70 25809929
18159782 103 8877252
18161016 79 18354189
18163460 66 17602896
18168794 62 27615378
18177573 95 16404741
18180471 110 7280572
18183038 99 32318850
18187419 63 19165764
18189237 55 18765489
18193543 57 26150361
18194751 71 14887874
18197020 110 9648652
18198209 113 18573075
18199743 110 17732153
18212194 62 27998376
18220318 69 34849545
18222739 138 22711011
18226622 144 5819362
18226951 47 16335920
18228647 57 796409
18231666 107 22173346
18249613 69 796409
18259845 67 14430923
18265703 57 7768622
18267680 103 30926220
18269061 63 27732004
18272166 71 17602896
18278927 125 17453563
18290863 89 16674423
18291673 72 46463
18292847 85 6820332
18310775 72 18559168
18311278 175 6073132
18311765 95 12563582
18318693 86 57178193
18327022 74 27615378
18328433 172 809667
18333883 66 45848628
18336527 94 15746645
18339919 62 1035491
18351093 57 17329107
18354189 59 9768252
18360265 80 17329107
18363690 92 16335920
18363730 113 47544821
18368480 71 22173346
18370688 81 18050020
18386792 51 15477298
18388767 76 8351762
18388917 161 28955916
18393564 101 21135009
18399720 49 14821347
18413006 56 15713200
18423625 149 6073132
18428304 12 1173
18431566 44 38461590
18440174 94 44437319
18443675 144 25031795
18445982 84 1403261
18448321 87 20251285
18451166 79 17329107
18454277 133 17732153
18457862 76 16335920
18463187 100 16480411
18464937 94 14144487
18465568 86 16606165
18467226 85 26150361
18471056 89 22289939
18478762 64 16454410
18480808 72 14257808
18484098 55 16506060
18490865 69 20410266
18493692 89 16454410
18496638 77 17602896
18508497 77 16454410
18514815 68 14678963
18519483 120 14973291
18524949 58 18754728
18525935 70 23521478
18540837 99 9998012
18543460 65 26150361
18550226 105 15915289
18554300 69 14514411
18555406 191 15359559
18559168 45 16335920
18562087 61 18765489
18567205 57 14569735
18567397 76 17197049
18568135 63 23061529
18572199 60 26343686
18573075 77 17315792
18579930 76 7768622
18587011 53 14803082
18592015 77 14821347
18594242 121 646193
18600059 130 16230492
18606749 62 16335920
18619945 114 38697088
18622584 168 754718
18624420 60 9768252
18628825 107 19404113
18633248 65 14626188
18636269 82 16434256
18639011 62 32466664
18655251 80 17602896
18658925 71 16375404
18663555 91 24062809
18666149 138 5918802
18670261 55 17602896
18675263 73 16629016
18680247 55 14821347
18681764 66 18084348
18684950 95 18949610
18694965 132 15594846
18696953 69 18193543
18700463 85 55767654
18708455 113 12563582
18710822 83 19013887
18716325 97 14660419
18717535 119 20022837
18719065 120 35441696
18723460 104 6023362
18742701 61 14569735
18742713 80 9768252
18744562 134 17732153
18746195 74 26816483
18749339 109 15693162
18752221 87 44471888
18754728 47 14821347
18756005 77 36019258
18759403 155 7210882
18763752 125 15644074
18765489 48 14136886
18773556 99 16669829
18776667 105 20221681
18777618 118 47856401
18778016 140 7210882
18779656 78 14136886
18779678 42 14467351
18784083 150 15729274
18801880 57 11859822
18803771 138 21625606
18809365 125 20463922
18810441 85 1035491
18813684 49 29730809
18814416 93 23622750
18817560 165 20608894
18823088 122 17732153
18825894 65 44020351
18826418 70 20438226
18837053 51 16335920
18840844 143 19382515
18842676 86 25717416
18846921 115 30726284
18848194 134 17497773
18850818 139 23336188
18856655 105 6757352
18857707 110 17732153
18866286 74 16454410
18868651 144 14582519
18872276 100 19638752
18878571 48 14821347
18885862 171 19015494
18903728 87 13221842
18908736 117 37495014
18909758 78 18911420
18911420 62 8691722
18917813 73 25538231
18931277 62 16492295
18945641 106 772527
18946987 111 17732153
18949610 63 26622422
18952127 99 13683952
18955517 64 20575748
18958844 111 7914982
18970404 60 26816483
18980740 78 1035491
18988761 60 17602896
18989688 95 22774039
18991795 81 6634482
18995825 123 18675263
18999763 84 18931277
19010071 70 1035491
19011442 51 34847295
19012615 44 14467351
19013682 91 35165052
19013887 73 6036242
19015494 161 20106921
19025565 78 49699899
19067203 175 18388917
19068193 78 14745185
19072597 136 14121929
19076708 97 16404741
19084425 79 14467351
19096634 109 14278066
19103855 109 32659639
19110762 47 1035491
19122167 69 28652333
19122380 145 7210882
19131216 145 41232566
19133890 83 26004327
19137016 47 14467351
19142019 88 16137861
19152887 90 16087234
19165764 62 19599726
19172189 83 13683952
19175443 57 53587694
19177689 115 18310775
19179852 91 14430923
19207849 80 1035491
19213943 45 16335920
19214249 94 16404741
19219624 106 21010207
19227735 76 20324576
19233075 124 14540222
19246075 64 17915711
19250117 81 19824824
19256689 60 36019258
19261379 111 21363899
19263152 76 14381060
19263330 118 17732153
19266186 83 19013887
19273913 53 23621572
19274090 120 14404554
19277651 57 17602896
19280192 67 38032856
19285266 76 17610324
19291892 122 14168970
19295796 58 14821347
19297754 183 23076040
19298353 68 18189237
19312707 111 60231391
19328743 114 3249
19338458 131 27729955
19341458 66 11961232
19348683 78 35138060
19354794 125 6835492
19355577 115 20251285
19355908 67 16454410
19367890 74 13203362
19382515 130 6023362
19383219 48 1035491
19385982 79 646193
19397177 78 20410266
19404113 69 17197049
19406120 66 14821347
19411265 51 16335920
19411544 63 18837053
19430148 65 17119513
19437853 78 17247687
19461474 58 16335920
19463366 64 18587011
19474020 122 34486083
19478590 92 20026115
19480286 71 19962666
19482545 86 10897282
19493238 95 17602896
19500884 111 39873873
19508228 70 14569735
19511477 56 25717416
19515574 79 16093223
19517988 100 893121
19520135 106 14408366
19526226 121 6045892
19532920 113 18388767
19536512 96 27936155
19543657 145 14598850
19548378 77 17227967
19548507 96 19594968
19556065 152 14141063
19559094 51 14569735
19569980 88 1035491
19571059 61 35240264
19571137 62 17329107
19573346 65 25025831
19574735 64 16454410
19582017 76 18567205
19582101 65 20410266
19582226 78 18098583
19588475 106 22083
19589167 56 25717416
19590781 66 17602896
19594968 76 22901704
19595336 117 25826518
19595488 73 1436551
19595938 58 35165052
19599271 58 18754728
19599726 61 20439922
19608964 212 18885862
19616879 92 43394467
19618677 84 19430148
19619709 98 10897282
19638752 67 1584901
19638907 125 9384502
19644629 218 17058358
19645096 102 10832702
19650519 107 42754488
19656438 91 14821347
19658753 66 23668206
19666480 108 646193
19669100 129 53500410
19674860 76 30420196
19675798 80 18008804
19692744 74 18949610
19693312 58 27615378
19693374 77 25025831
19693418 84 18949610
19706253 93 19886359
19720195 117 18154676
19721130 79 23123427
19723418 65 17602896
19732688 94 646193
19737871 61 18524949
19749363 88 17909456
19770681 127 31359611
19786509 64 19907248
19790675 65 19907248
19796014 102 17602896
19800866 71 15924107
19801181 67 14821347
19801307 60 43245456
19813813 116 15439236
19818932 149 19532920
19824824 58 38693753
19826838 81 30926220
19828552 107 17583389
19841140 63 26150361
19844362 108 26041628
19848744 129 16951482
19849922 102 16480411
19859327 73 20471224
19866942 94 14569735
19867423 107 22107051
19872725 117 14598850
19872968 108 16381256
19873062 88 18484098
19873344 83 17602896
19876222 144 17732153
19881434 199 30539705
19884685 156 6835492
19886359 65 18754728
19894296 143 15594846
19898771 93 48060121
19907040 96 15951763
19907248 54 18813684
19907729 117 17732153
19908485 82 20325159
19909458 57 7768622
19909768 80 1035491
19922973 108 25630070
19942038 122 20325159
19952716 141 15873883
19961078 121 46859804
19962666 59 14896618
19978994 81 26150361
19980797 142 14972919
19980809 57 15448838
19995525 77 19295796
20022837 117 29128946
20026115 45 14467351
20031862 121 22427930
20042427 60 39335596
20047549 160 5222251
20050499 92 28652333
20050577 118 10832702
20064833 96 15298043
20067539 107 39800359
20073758 87 17602896
20080674 116 6245602
20096470 93 16335920
20102232 96 22486692
20106921 128 18096249
20111526 117 37845595
20121648 78 19013887
20124910 87 33312937
20132042 131 15702917
20142201 63 17602896
20147059 123 14121929
20153605 98 17602896
20156637 60 29730809
20176119 124 17732153
20182931 186 21316438
20183333 115 18363730
20186603 95 28051372
20193695 84 17602896
20221681 58 16404741
20246148 128 46605838
20251285 74 16551967
20263066 74 17468701
20264263 84 27441573
20268369 84 16335920
20272829 71 31445581
20273137 57 17602896
20273810 62 20410266
20275801 173 6073132
20276022 99 15644074
20279181 139 15249394
20279910 80 17602896
20287041 89 38741569
20294193 71 14144487
20297281 124 20287041
20311775 115 17732153
20318432 121 25803340
20324576 66 38461590
20325159 73 40033086
20337783 133 42754016
20343026 140 17732153
20369040 105 20438226
20371409 95 1035491
20372726 134 20124910
20375572 136 16951482
20384588 96 17602896
20393042 182 6073132
20404398 92 17429290
20410266 50 14136886
20415559 87 19582017
20418251 104 17197049
20419396 82 18587011
20419958 70 30412103
20420448 64 34699260
20429926 53 6634482
20438226 61 23123427
20439922 50 16335920
20445452 94 3236121
20445809 119 30530662
20452599 117 14972919
20455166 115 15442617
20460655 84 23387320
20463922 78 36019258
20469067 70 20439922
20470893 183 26376755
20471224 59 36019258
20486087 123 18199743
20502875 146 19261379
20510690 105 20788082
20513663 108 15228226
20520875 109 20263066
20524296 95 18949610
20527669 118 19618677
20567195 65 14821347
20571278 73 26858380
20574356 84 802318
20575748 51 16629016
20582387 109 15594846
20585560 49 7768622
20590568 80 14514411
20594910 53 14821347
20595822 121 19515574
20602015 63 17602896
20608894 121 22066518
20617786 152 25031795
20622249 105 19280192
20625644 57 16454410
20626324 83 25025831
20635015 53 14821347
20636610 96 17602896
20636964 75 16674423
20638165 108 22253574
20639600 70 13683952
20642205 170 18022836
20652091 101 17602896
20662625 118 15171664
20662817 85 17247687
20688333 76 17127100
20689443 86 14191395
20731561 170 19543657
20740214 146 22821215
20747913 133 22427930
20748991 116 14189587
20749849 72 21771275
20754069 134 15416686
20761184 72 16335920
20764039 130 49261623
20766833 81 22173346
20773125 99 46605838
20787125 105 17732153
20788082 68 20594910
20796715 114 16606008
20797744 105 17732153
20809660 66 14966703
20815161 100 21069182
20821174 76 14569735
20823244 74 15859588
20823430 75 16335920
20823742 71 25497062
20839183 95 19508228
20840564 121 14211663
20841000 71 40642977
20853482 62 34849545
20863618 64 6634482
20864409 97 6634482
20875538 93 50403468
20875564 81 17909456
20881078 131 21425712
20885385 113 15739707
20895284 88 34255005
20927441 74 18587011
20943823 89 13683952
20957000 111 14069394
20967597 75 15799150
20974093 97 20823244
20981010 142 1281581
20990623 84 24062809
20991880 64 16454410
20998432 91 17995265
21003703 110 19548378
21010207 90 15298043
21014807 104 26004327
21026573 59 36019258
21029741 56 48107323
21031653 101 20590568
21069182 71 17602896
21071157 103 13683952
21085141 117 6045892
21092224 136 12182252
21121237 84 11879622
21122995 111 24361141
21135009 59 17329107
21138134 60 7768622
21143188 93 20463922
21150361 141 13220962
21152997 58 28652333
21161076 189 32246138
21173910 96 16404741
21194931 129 13445242
21210028 84 37528326
21217839 132 15923145
21219499 78 35184712
21222567 82 6820332
21226023 99 20823244
21232544 97 17602896
21237095 62 6757352
21242720 88 19012615
21244949 58 17602896
21247546 59 18050436
21253080 100 24232625
21255715 67 17517978
21258974 64 36019258
21260723 62 21247546
21268657 138 14115365
21269235 72 21734900
21271537 99 5974052
21274323 76 18765489
21276113 149 6073132
21287534 144 18809365
21289136 83 26710480
21301497 63 43684564
21314454 57 16924832
21316438 140 18222739
21316601 75 16335920
21317484 56 15713200
21318659 79 15021827
21330393 78 34650820
21338050 175 20642205
21343176 90 18675263
21344248 55 37761177
21346168 116 15924542
21346213 124 15236634
21354036 63 7717062
21357984 57 6634482
21360114 137 18146933
21363091 138 15983888
21363404 82 17602896
21363899 83 23123427
21366867 95 17197049
21367183 84 16478093
21370210 101 11778002
21386793 82 797844
21397332 88 38383861
21401459 115 17732153
21411675 102 7717062
21412049 106 18212194
21419799 185 7848592
21419812 105 20809660
21425653 84 17536007
21425712 97 27114315
21426791 59 6634482
21433419 70 29730809
21437668 84 23567128
21438748 65 1035491
21444289 98 17602896
21446854 112 20415559
21455618 98 12499232
21465037 107 7914982
21484040 81 16387793
21488208 90 15778584
21488400 55 15713200
21490831 75 17197049
21499827 92 1276151
21511695 77 25717416
21521817 72 16003225
21523246 90 22712448
21528203 97 36019258
21540392 107 17453563
21544096 72 17602896
21553208 67 14569735
21564652 66 17602896
21570371 125 18945641
21575306 95 23668206
21595652 96 14430046
21600186 141 765775
21603914 114 24361141
21606070 96 19616879
21611999 129 30250360
21616244 74 16404741
21617158 179 20754069
21625606 91 16619881
21631822 92 5974052
21631833 92 19571137
21632565 83 15171664
21635135 55 14966703
21637231 59 16335920
21640354 67 57064446
21650010 70 20410266
21652836 61 46736448
21653518 100 802318
21666035 67 52800023
21675161 19 54997958
21676156 92 47731101
21688950 145 17732153
21702798 58 21771275
21710716 65 29730809
21711170 64 19411265
21711248 87 24448650
21712772 43 23970770
21730960 192 23076040
21731864 89 23123427
21734900 66 19411265
21740666 51 14821347
21747266 121 43877373
21748800 111 15267283
21751917 86 1276151
21766551 131 15241044
21771275 56 16454410
21773180 153 15125342
21773709 58 1035491
21774017 114 16831990
21774304 104 31551031
21779025 64 26858380
21787914 116 19013887
21789122 63 14821347
21795692 94 16831990
21811232 54 17227967
21812606 105 46605838
21817842 153 14973291
21822997 66 22173346
21841384 80 47646446
21842799 63 30855218
21870963 68 6634482
21871246 91 35870952
21878157 143 14972919
21879888 89 18670261
21895992 136 15459702
21906322 54 16404741
21908217 204 17058358
21922922 85 16335920
21930446 101 9998012
21939861 59 27615378
21943281 87 16404741
21961264 75 14144487
21962548 146 25980175
21970787 73 31445581
21971682 61 17602896
21972496 63 16335920
21987106 180 22595168
21997007 88 37889873
22023586 67 7768622
22031657 42 7768622
22035104 89 15298043
22039411 91 4508261
22046981 82 22433124
22066518 102 15265194
22068295 128 17732153
22084662 99 17602896
22088677 47 15768489
22093839 73 20410266
22097407 70 27958982
22103685 65 17602896
22106079 95 18810441
22107051 69 18354189
22111315 147 52211505
22123224 70 17651597
22135049 150 52211505
22142222 77 20410266
22150493 67 20410266
22158382 91 18765489
22173346 63 25497062
22185052 86 18110686
22215303 141 23620441
22224457 123 16551967
22225413 111 22158382
22227958 28 7768622
22229568 80 13683952
22231841 50 15451854
22231957 116 19152887
22236354 103 25727521
22253574 75 7768622
22260925 28 7768622
22273082 123 761032
22288104 92 17197049
22289939 79 20463922
22303264 57 14626188
22310476 64 18587011
22319968 85 6634482
22323134 50 14569735
22333921 114 14278066
22336451 121 15322803
22341846 93 17602896
22343229 86 53634420
22373025 84 25538231
22391462 89 23835727
22392337 94 22185052
22393652 83 7280572
22393803 69 18354189
22423616 107 16800162
22427930 83 16264126
22433124 51 15451854
22453556 71 43245456
22484174 65 32224948
22485686 61 23668206
22486692 66 16454410
22501586 58 40537978
22513269 126 16606008
22518751 126 893121
22523248 93 1276151
22534903 102 44564719
22535209 82 17610324
22536081 161 6073132
22538039 78 19122167
22539826 52 19012615
22550742 76 21734900
22551028 115 2757281
22553697 111 12563582
22568092 96 22486692
22584933 86 7280572
22595168 144 14367902
22601692 113 17732153
22602951 131 14367902
22632829 155 20022837
22637038 106 21425712
22645534 77 30926220
22653191 79 17197049
22658011 141 18096249
22668964 93 20251285
22669407 115 38308861
22679783 71 39697186
22701811 85 34255005
22705436 105 17610324
22711011 92 27192334
22712448 82 7493442
22721003 125 17732153
22724006 130 24825539
22745093 101 23668206
22752100 84 27563460
22754880 81 17127100
22762074 71 15194086
22773195 56 17602896
22774039 53 33104708
22777937 58 16335920
22782336 73 15924107
22783285 68 17602896
22801446 107 31359611
22819331 118 16274109
22821215 129 23171996
22829124 134 15322803
22832476 95 14266448
22836973 130 20031862
22838878 116 19922973
22844604 105 33247908
22844774 229 19608964
22863363 83 17602896
22884945 147 17732153
22890018 105 15594846
22901704 65 17995265
22904411 138 38819123
22904455 55 18587011
22927304 63 21702798
22944844 97 11879622
22957415 58 22088677
22961199 66 15477298
22961505 136 17732153
22967466 87 25917361
22977308 61 18050436
22979543 174 25368990
22981127 67 17602896
22983821 103 33312937
22990394 125 19355577
23002597 94 31803107
23005888 126 20031862
23006181 115 15594846
23006519 100 6634482
23007468 54 5974052
23012939 171 22658011
23020543 78 17602896
23022348 114 22427930
23026986 152 6073132
23034649 79 9648652
23041837 74 36019258
23061529 58 15713200
23070593 81 16404741
23076040 150 19666480
23094448 62 45888925
23096552 160 38861328
23111808 71 7768622
23122101 190 14420389
23123427 56 23970770
23130638 82 17602896
23171996 98 17602896
23187412 91 42859852
23189404 103 26710480
23190534 84 19995525
23202312 82 23007468
23214103 92 21734900
23219187 130 19922973
23227048 66 16434256
23230465 183 6073132
23232430 73 14746423
23242132 107 34699260
23244919 60 7768622
23258616 164 21600186
23282874 130 20689443
23284687 80 15448838
23292921 95 14441335
23299607 98 16097234
23307968 113 46605838
23313547 64 20625644
23335500 50 19383219
23336188 104 39212725
23338952 62 17602896
23344319 90 17602896
23349942 85 20324576
23355870 116 15536464
23365778 89 58313366
23368209 151 38819123
23387320 61 34699260
23391578 129 18096249
23413980 74 18765489
23437326 99 18842676
23447138 94 7280572
23460603 84 24448650
23492737 70 31416352
23502494 91 24847508
23504737 82 16134597
23505253 109 646193
23518265 98 14769030
23521478 54 25025831
23525295 91 17602896
23542821 50 14821347
23544807 93 17602896
23546582 197 758474
23548877 111 9648652
23552359 33 7768622
23559101 109 6036242
23560629 155 38785055
23567128 48 15451854
23573031 173 754718
23579221 129 19013682
23587765 79 18754728
23591961 126 18096249
23597982 97 46605838
23607707 80 16407225
23607935 103 22679783
23620441 131 23935201
23620775 111 20287041
23621572 45 16335920
23622750 73 14731900
23645224 64 16404741
23646132 90 14144487
23654392 133 1281581
23654816 180 18388917
23656804 65 36019258
23659624 68 17602896
23662237 120 21632565
23668206 56 49699899
23676199 84 9768252
23682192 62 22323134
23685555 106 18490865
23699719 135 20022837
23712321 78 17055388
23725040 143 20031862
23733742 89 25876836
23737069 75 19013887
23751624 91 21870963
23754812 72 15448838
23755929 93 17680260
23761121 110 19599726
23777958 78 19013887
23782507 88 45005788
23804492 74 30084258
23814237 55 17602896
23835727 47 22031657
23837394 84 15906442
23845287 66 23123427
23847978 78 8460332
23853477 59 17602896
23863450 42 17476100
23871572 83 14858940
23905710 107 37090624
23929078 65 17517978
23935201 97 19280192
23937271 209 21987106
23946023 65 15768489
23965539 98 36019258
23967906 81 40059776
23970770 41 7768622
24006347 81 17602896
24008255 91 14687293
24056034 101 33545031
24062809 61 27563460
24086186 71 17602896
24101224 193 39544864
24122790 81 29190860
24123789 136 6073132
24133960 94 7803922
24139381 71 25025831
24141346 79 38032856
24144941 101 19619709
24180774 94 22185052
24186322 106 893121
24190010 100 17602896
24193270 137 17732153
24205274 88 23123427
24209275 142 20754069
24221332 95 13683952
24229640 96 22427930
24232625 92 15795035
24233422 92 16742870
24234863 70 20410266
24251829 107 15799150
24257842 119 37794593
24263106 66 16335920
24276026 60 19907248
24278341 111 15780460
24283379 75 17602896
24292287 116 15906442
24303688 68 28111331
24308956 155 6073132
24311918 97 15778584
24337186 83 16711640
24341541 96 36019258
24357513 143 22983821
24361141 105 22427930
24383280 153 6073132
24384647 75 17602896
24386120 69 3249
24393778 114 19867423
24397965 112 17732153
24404380 79 17602896
24404439 89 25025831
24419343 122 15939540
24429862 86 16454410
24432205 75 12614892
24441040 145 36003617
24441814 70 17602896
24448650 78 12499232
24449230 97 33247908
24450728 107 15171664
24456571 92 17602896
24459094 54 13492492
24489983 80 15171664
24494730 80 15536464
24509599 93 16335920
24521868 83 20823742
24535680 99 22035104
24538648 133 14719619
24547044 79 16549129
24562682 53 16404741
24578364 91 16335920
24581770 95 16890945
24583840 127 17732153
24595428 106 16292115
24612092 128 46605838
24612449 68 13492492
24629170 58 9768252
24629491 104 23007468
24633648 119 14858940
24635359 64 17680260
24639853 77 18567205
24649895 217 19297754
24654723 186 26315885
24685670 96 19599726
24693939 103 34556044
24705315 55 22323134
24710047 83 13203362
24711827 80 38308861
24721336 191 22658011
24739869 72 20639600
24745765 65 22539826
24765021 48 16335920
24773418 79 17602896
24785490 85 20410266
24789712 72 59315352
24809352 130 42167751
24825539 126 5819362
24831572 95 21010207
24842790 76 14887874
24847508 90 39889317
24863681 102 18484098
24868606 65 16711640
24874029 173 24825539
24880199 143 46339632
24888199 60 16335920
24895767 142 20132042
24897827 106 13683952
24902009 77 8895902
24902163 79 34406124
24902209 61 16187113
24902327 91 46605838
24928817 73 15859588
24929657 153 17599890
24947175 104 26954058
24957650 115 16831990
25025831 52 34849545
25026486 115 24947175
25026916 74 19013887
25031795 106 36074398
25033163 104 28652333
25041163 104 15594846
25049468 93 16404741
25052937 113 25215232
25059246 125 21253080
25072781 185 23096552
25091620 123 817200
25104387 97 16831990
25123920 67 26343686
25133231 61 15713200
25135606 84 22323134
25135739 80 48797783
25136175 77 16335920
25137854 113 25031795
25139497 98 13683952
25148881 137 17732153
25176159 75 18765489
25201238 133 40900103
25208659 75 14482599
25215232 73 48593090
25223813 136 15594846
25226412 91 20463922
25238477 79 38308861
25240718 122 15594846
25256962 127 28051372
25322574 134 17466082
25325090 78 17602896
25357493 96 22173346
25359488 154 6073132
25368990 160 18096249
25395926 95 18955517
25401782 92 23387320
25405179 73 17602896
25418416 91 17602896
25422089 52 7768622
25433719 92 36889868
25447919 66 17602896
25461155 92 17609360
25461787 31 7768622
25470337 90 37986209
25470367 213 16870070
25487934 89 17511879
25497062 54 13492492
25501209 74 17602896
25521068 77 17612729
25533022 158 47696746
25535964 76 14136886
25536113 104 60231391
25538231 64 17119513
25546458 155 19474020
25547480 56 17602896
25553025 72 21939861
25568345 130 16303573
25585625 111 14430046
25587990 119 15739707
25598150 161 18096249
25608851 133 15465403
25630070 64 23668206
25652744 85 6634482
25659765 94 17602896
25668427 149 24278341
25686039 60 17429290
25691491 86 27936155
25698262 94 16404741
25714584 82 16404741
25717416 48 38461590
25719360 99 646193
25727521 63 27719505
25732227 69 13683952
25741057 88 14144487
25803340 101 21344248
25809929 69 17224142
25822569 185 6073132
25826518 112 19732688
25828236 102 18931277
25831320 92 18606749
25832137 81 13683952
25839486 97 35458515
25846084 82 26041628
25856307 151 6073132
25856897 127 23837394
25857615 88 17602896
25864211 114 46605838
25865391 103 646193
25870479 92 19595488
25876192 111 53742921
25876836 85 36019258
25877816 133 21346213
25879067 64 14430923
25892859 77 46736448
25893084 124 19867423
25917361 77 31633101
25922016 158 6073132
25928277 57 14204391
25938753 66 14569735
25955296 135 36521664
25960010 94 15171664
25960244 110 29155597
25972738 82 17602896
25973747 132 19873344
25976617 94 17599896
25980175 110 15594846
25982978 71 17602896
25998360 130 23620775
25999425 81 17602896
25999519 145 8287862
26004327 55 19110762
26024698 62 16454410
26033692 220 30539705
26036425 112 11970082
26037348 144 18183038
26041628 69 27563460
26044991 62 14771972
26085575 57 16335920
26129119 106 35828499
26132342 93 46334277
26133765 211 24874029
26134159 112 24612449
26136213 58 17602896
26150361 52 14821347
26153639 149 17732153
26179147 56 18399720
26179544 97 15536464
26191971 149 17732153
26205092 78 36019258
26209348 83 16924832
26221586 108 50572051
26223700 93 48845929
26251204 112 14144487
26256193 109 17967492
26275429 100 13053942
26277260 83 16669829
26282496 69 18008804
26299247 68 7768622
26302066 110 17732153
26315885 140 25240718
26326710 71 19246075
26340326 95 12563582
26343686 55 31416352
26376755 135 17696103
26391945 66 26421672
26418029 76 54153290
26421672 50 16335920
26426113 79 7280572
26431930 94 16404741
26444174 91 38542516
26459776 80 17602896
26467153 146 23171996
26483108 128 32346618
26483913 61 26085575
26501671 80 7280572
26517369 123 15222218
26519002 137 27836752
26531005 76 37474139
26533379 119 24578364
26538579 73 45354022
26543123 114 16890945
26563750 88 1584901
26579675 96 15432266
26583163 91 26150361
26583720 100 9648652
26586127 100 17602896
26586605 94 46605838
26601721 132 18872276
26622422 43 7768622
26634631 95 16387793
26648226 83 17602896
26661232 63 30926220
26666647 141 23502494
26673325 61 17602896
26693217 92 25215232
26710480 72 2000931
26720317 113 43785000
26728743 60 16404741
26742976 114 20251285
26760112 82 16749187
26772164 96 46605838
26774659 104 23502494
26805474 115 25535964
26809900 137 26583720
26816483 56 14687293
26822967 101 47530492
26850009 115 16264126
26858380 62 48739299
26873930 93 37833235
26887866 67 22323134
26896365 103 17602896
26911376 56 7768622
26935043 110 21237095
26936082 129 26583720
26937516 110 47908983
26946828 67 35527393
26948533 65 17653701
26954058 76 23754812
26974539 114 17732153
26985069 102 28652333
27052060 64 14136886
27061737 95 6023362
27064778 76 13492492
27071754 73 33344542
27084555 90 17602896
27114315 94 15902218
27114926 120 32435523
27127789 117 28193089
27134843 78 26816483
27140083 183 35745239
27169103 96 18269061
27180279 69 7717062
27182561 123 26221586
27189019 184 7848592
27191111 89 17602896
27192334 63 15143706
27200238 102 18742713
27236428 131 17732153
27252484 96 25917361
27274287 171 7210882
27284645 93 39198395
27295259 157 26483108
27300922 69 17602896
27310211 126 4508261
27312096 110 12563582
27319263 87 17602896
27328819 61 17602896
27334317 94 59038674
27343958 110 29044420
27394374 164 27600499
27417156 90 28197012
27418644 92 46581391
27433377 71 21029741
27441573 65 15768489
27498528 91 17602896
27502860 66 23682192
27509812 150 14695039
27513781 75 15746645
27514843 91 21426791
27516744 130 25698262
27528774 87 23587765
27537482 61 17602896
27544953 50 14626188
27549949 91 27544953
27563460 49 16404741
27600499 146 20754069
27603324 151 26376755
27603533 108 43877373
27608077 102 17197049
27615378 49 1035491
27633275 74 17431302
27679004 78 19213943
27686134 115 646193
27689154 88 37304258
27696231 139 27836752
27698551 54 19213943
27716431 118 20639600
27718854 107 17197049
27719505 61 22088677
27720261 101 32423101
27729955 101 35870952
27732004 49 16404741
27743350 53 16335920
27761207 84 26004327
27762461 77 17602896
27770770 98 18082478
27788771 64 33714711
27800288 82 17602896
27801770 147 6073132
27829647 103 17732153
27833242 61 23335500
27836752 102 30065257
27851127 203 18388917
27875464 77 13492492
27879739 102 817200
27879888 130 22427930
27882578 70 7493442
27884381 121 28254992
27907119 98 26343686
27910903 81 25025831
27915536 61 38031590
27922380 63 14687293
27936155 71 16454410
27958982 60 23970770
27963450 83 16549129
27991280 92 14069394
27992299 98 17602896
27994491 153 6073132
27998376 53 17801029
28002570 99 17602896
28006434 104 18333883
28023116 61 29730809
28051372 82 15649662
28052934 72 40537978
28062446 76 16454410
28064852 104 24888199
28067437 99 18970404
28096525 127 36600276
28097795 95 12572512
28103806 80 40537978
28108536 57 14687293
28111331 58 14821347
28124087 67 16404741
28131724 48 16335920
28143911 79 15448838
28151997 87 15890620
28163863 59 53537641
28165077 75 16404741
28186296 97 18291673
28187624 104 20460655
28191094 181 38296424
28193089 77 14208633
28197012 58 17602896
28201421 136 16917512
28203096 74 16711640
28219442 111 17732153
28226012 114 17872862
28234542 172 6073132
28234935 119 42859852
28250321 125 6023362
28253046 80 17377271
28254992 103 36019258
28256209 106 42425496
28256803 103 14972919
28275925 75 6757352
28300799 70 36019258
28307740 135 15594846
28312362 139 11464132
28325388 97 18189237
28345408 77 7768622
28350707 73 19137016
28352533 71 16434256
28354204 89 17915711
28357170 118 9304922
28364768 48 14821347
28377232 70 16335920
28403590 85 32158937
28412093 120 27679004
28418772 74 43973444
28425340 51 38461590
28427851 80 22961199
28440528 158 14593871
28468221 95 14769030
28468548 110 34469298
28474199 71 17602896
28477687 100 22427930
28499685 139 25031795
28515559 162 11989632
28535708 111 646193
28545471 115 16518494
28571533 88 15717433
28580811 121 14069394
28584994 66 28652333
28652333 55 16404741
28687508 67 17602896
28695538 107 34886008
28707263 95 17602896
28770423 62 32466664
28771527 120 22983821
28775783 72 16303973
28776585 75 28108536
28784311 84 15643730
28798904 82 47385633
28800377 90 26954058
28828940 78 15171664
28833018 109 15416686
28833171 173 6073132
28837731 89 18765489
28838120 154 6073132
28839467 121 6023362
28853805 64 7768622
28862854 110 15536464
28911353 84 17602896
28939977 59 22323134
28950546 159 32703247
28955916 114 1276151
28974192 106 14430923
28989277 74 17958545
29014867 80 46736448
29024158 124 40343463
29040330 81 16335920
29044420 66 27615378
29058243 115 1276151
29095548 74 36019258
29125725 88 17602896
29128946 92 33083042
29147312 145 14972919
29155597 96 17602896
29190860 66 16404741
29207381 52 1035491
29224553 78 17197049
29224847 66 20410266
29245413 136 5819362
29253135 123 28151997
29257626 148 17732153
29272872 115 30833894
29280705 139 18096249
29285042 104 24180774
29286078 75 40408596
29294901 68 18765489
29307483 154 18945641
29317101 94 40756369
29324433 54 39838346
29330837 63 19907248
29333785 99 16480411
29373642 85 21822997
29399206 174 25368990
29406135 107 21702798
29409944 104 38383861
29429174 59 16924832
29435708 71 16492295
29437071 75 21029741
29440826 61 16404741
29445716 130 25031795
29452434 149 43500641
29454768 73 17602896
29464387 129 34342439
29479819 51 15713200
29496873 88 18765489
29507334 73 21152997
29522067 94 19582226
29527132 137 16957156
29527746 58 43053339
29531673 71 17602896
29538146 86 22957415
29557570 57 26150361
29561743 46 38461590
29563298 221 7064912
29574258 67 28197012
29578810 82 14514411
29592154 68 20410266
29630372 50 14821347
29662905 143 43692320
29677076 97 23668206
29677676 98 34958637
29710653 67 36019258
29710830 105 17393421
29717582 70 14371282
29730809 38 7768622
29736521 167 25201238
29737784 64 37997188
29779806 139 17732153
29785821 75 17602896
29790450 90 9551802
29793576 50 18226951
29795680 65 20410266
29797451 127 18096249
29810261 91 17602896
29839532 86 38740639
29849706 104 18001739
29859171 182 29662905
29866488 140 25395926
29869077 151 17198642
29902973 62 17425246
29930670 126 15171664
29931572 98 17602896
29936856 94 16912067
29945107 99 18587011
29949064 68 17904158
30007188 62 17602896
30011948 55 16404741
30014089 106 33961201
30021835 76 45246915
30031784 87 56215867
30065257 99 18696953
30084258 73 30855218
30085669 136 50684205
30115472 87 19571059
30166777 53 18837053
30196680 87 14211032
30204754 115 26538579
30217726 140 5819362
30241910 206 32246138
30250360 86 18292847
30253138 107 29507334
30259890 90 9648652
30264254 109 16669829
30266057 78 16454410
30272764 114 14121929
30285182 96 18457862
30298915 81 19907248
30306132 180 53110680
30322317 73 46736448
30329442 98 14887874
30331291 102 17760271
30336330 78 38032856
30345468 59 47646446
30350606 67 26150361
30351734 143 25031795
30363747 63 19213943
30412103 48 17055388
30420196 64 26343686
30438202 83 37002244
30441954 109 21135009
30442079 66 38735371
30464401 81 30855218
30483490 89 15988858
30490040 188 22658011
30490931 100 36019258
30520700 69 17096992
30525315 82 33500634
30527569 94 44680977
30530662 89 17609360
30539705 178 24880199
30567029 72 10083252
30576467 125 15171664
30598247 63 17602896
30609687 79 34469298
30631774 98 16669829
30636987 117 22967466
30680170 80 16404741
30681014 67 16492295
30726284 85 41113556
30804745 87 17602896
30808059 69 26024698
30812657 89 16134597
30824424 100 25215232
30833894 95 34209619
30844898 102 58127566
30853934 105 26538579
30855218 54 51001995
30857486 102 21666035
30863958 161 38699179
30877284 73 16800162
30898265 65 32224948
30907004 102 7455242
30926220 56 44933134
30929270 102 51941633
30997224 146 22658011
31002216 176 20754069
31023876 61 8460332
31033870 109 17612729
31046250 79 18765489
31061974 106 46154412
31064692 115 38775096
31084116 63 18050436
31093186 115 14278066
31096847 132 21711248
31119616 60 27615378
31153827 68 22957415
31179120 72 15212568
31214977 64 18354189
31219867 77 17197049
31242715 86 19692744
31262385 106 9648652
31273645 104 20273137
31309681 61 16454410
31315562 63 36019258
31322597 152 21748800
31336234 105 17009384
31349342 90 20463922
31349965 115 17732153
31359611 78 19411265
31416352 54 16861656
31420665 87 17680260
31437598 134 17732153
31445581 43 7768622
31472053 100 9697042
31480615 84 37002244
31496786 52 3262301
31499495 101 14734679
31512167 62 16404741
31534589 114 46605838
31551031 63 14569735
31579244 72 27719505
31600040 93 17602896
31606211 71 45005788
31614645 83 36969656
31631373 96 30898265
31633101 68 38743326
31680762 68 40153178
31721106 74 25025831
31728508 169 17757809
31803107 71 10473582
31927591 105 28064852
31971207 136 14598850
32053130 59 16335920
32102466 122 18776667
32158937 80 15250162
32200447 92 9648652
32224948 53 17517978
32231147 228 30539705
32241638 145 17732153
32246138 186 26315885
32250281 63 16404741
32258213 94 22323134
32318850 85 47646446
32334872 95 17602896
32346618 122 646193
32347352 82 25025831
32348324 77 27615378
32354075 90 17602896
32358845 80 42268698
32423101 70 14821347
32435523 74 17351348
32435627 52 16404741
32449676 67 40537978
32466664 57 23123427
32470314 224 30539705
32487081 83 36019258
32511377 81 15939540
32553007 126 19618677
32591293 60 14569735
32619926 86 21247546
32653771 70 21734900
32656751 69 36965595
32659639 66 19011442
32665177 131 17732153
32669188 162 19015494
32678815 97 52483833
32703247 116 32423101
32713834 79 22774039
32715291 105 19076708
32719459 127 16300569
32754593 98 17384343
32786170 66 36019258
32793060 65 37597063
32804437 59 20410266
32810978 170 32346618
32841991 97 9768252
32848646 118 15322803
32859224 104 14266448
32873022 56 16335920
32888997 91 20410266
32891425 67 16335920
32984827 111 22173346
33027402 68 22323134
33027530 83 32423101
33060043 105 34177011
33083042 91 26531005
33093727 108 40343463
33093876 120 19867423
33094190 80 17602896
33104708 49 14569735
33151883 110 17958545
33168370 57 17602896
33171728 83 27563460
33175666 177 57549340
33175842 86 19595488
33199731 102 25025831
33238084 94 20410266
33240098 59 43690785
33247908 58 23668206
33282239 60 17602896
33298114 79 23853477
33301636 77 27633275
33312937 57 15598374
33324583 97 26004327
33344542 55 16711640
33351935 72 31445581
33367589 88 17602896
33368525 46 16335920
33390147 92 46605838
33397885 130 21943281
33398519 74 35070426
33405960 56 37304258
33408370 65 18354189
33413068 93 44357322
33424867 73 34481089
33425369 82 16831990
33430941 93 17602896
33446376 66 17602896
33489606 100 38032856
33500634 67 27441573
33503985 105 32348324
33510682 119 19867423
33511047 94 32656751
33511692 88 6036242
33545031 63 14821347
33613889 120 37889873
33629024 38 7768622
33672095 66 16220084
33672978 54 9768252
33673555 168 57743982
33679829 81 16404741
33693677 149 33971257
33693935 143 37624144
33706528 78 14887874
33713553 204 30539705
33714711 60 21811232
33721149 157 20279181
33750316 91 14821347
33756627 57 18765489
33764890 85 14128315
33778513 130 46605838
33792909 127 15171664
33818464 89 11023172
33823271 118 52152235
33824015 71 25809929
33825000 125 28477687
33902802 78 27071754
33920598 80 26004327
33942802 107 22653191
33953179 67 26343686
33961201 70 48797783
33965040 118 22754880
33965513 125 15171664
33971257 126 32754593
33981471 69 16404741
33983303 95 17909456
33991820 84 9648652
33993757 76 7768622
34002481 53 6634482
34010535 65 14687293
34026099 61 34849545
34036060 60 17602896
34072269 78 35070426
34105319 146 46647157
34146090 67 29730809
34160740 73 17602896
34165019 149 703083
34173126 100 20410266
34177011 80 20410266
34177125 126 18999763
34190280 83 37495014
34209619 69 35138060
34210467 102 19280192
34255005 56 18587011
34264671 82 35240264
34299049 99 20287041
34322926 151 9304922
34325441 103 19594968
34342439 80 44570835
34352471 97 24868606
34363763 266 50717337
34368339 141 15445849
34406124 69 22231841
34413940 50 1035491
34447722 114 35992052
34468415 66 6036242
34469298 72 34255005
34481089 64 17517978
34486083 91 22173346
34488009 128 25803340
34539891 106 34958637
34549664 89 13910972
34552831 84 15221646
34556001 61 26421672
34556044 83 14993466
34581875 68 17119513
34591759 115 15171664
34637128 86 39212725
34650820 74 18765489
34690626 101 42425496
34699260 58 26004327
34718818 121 15222218
34721455 76 38032856
34745233 142 25461155
34762040 109 35240264
34776704 69 34146090
34789173 130 40900103
34791890 100 36019258
34831498 78 16404741
34833995 82 17197049
34847295 49 22088677
34849545 45 15451854
34868366 65 20410266
34882813 123 50518645
34886008 60 29730809
34933898 60 14687293
34936479 119 26340326
34938879 74 43483028
34954250 130 16230492
34958637 75 6036242
34962029 100 16407225
34962550 99 38032856
34981772 89 41243674
34985697 100 9201382
34986786 100 15171664
35054909 115 36767899
35070303 111 34962550
35070426 54 26150361
35072567 119 9648652
35097953 93 35992052
35131310 109 40724486
35138060 56 26343686
35165052 51 18559168
35170675 80 14388192
35184712 65 14745185
35192927 78 16800162
35193606 100 35070426
35208726 111 20445452
35229908 32 7768622
35234901 116 43877373
35240264 59 23668206
35242949 69 14208633
35248247 147 60146062
35267257 80 27615378
35284875 125 40343463
35293793 83 24612449
35299101 100 39293248
35322796 134 35070303
35339078 137 15594846
35344169 83 13683952
35373294 74 16742870
35374186 160 22658011
35382504 83 16404741
35383380 95 15768489
35401960 63 15768489
35423569 95 38741569
35437572 60 23668206
35441696 87 8877252
35445773 56 26004327
35458515 70 6648292
35465950 172 5819362
35480195 77 16225078
35513845 115 40900103
35514548 52 16711640
35522376 79 14821347
35524682 83 18587011
35527393 62 23853477
35545854 104 28193089
35575396 164 43019668
35578123 46 7768622
35586649 57 44014060
35595236 95 14144487
35611080 77 16800162
35611991 120 39630104
35651634 50 14821347
35672858 127 16957156
35673669 26 10471772
35677421 259 42668851
35679569 84 21237095
35680388 79 45888925
35681245 125 29936856
35695267 103 26816483
35708504 172 754718
35719953 146 26742976
35720050 62 17602896
35735472 62 25025831
35744749 91 26150361
35745239 136 46312061
35751237 62 56946733
35769636 58 34255005
35784143 80 12499232
35795407 100 14278066
35800923 78 36965595
35809770 99 23502494
35828499 71 14136886
35870952 62 33344542
35872392 78 18151275
35872905 78 26150361
35876449 143 14574514
35878740 62 16404741
35893805 69 26421672
35895478 99 18154676
35895649 80 24547044
35897739 64 36908870
35936090 72 14821347
35946603 92 26948533
35973786 84 16225078
35989619 68 6757352
35992052 71 39335596
36003617 128 15076504
36018608 44 14467351
36019258 58 38032856
36033897 71 33240098
36039638 92 42053594
36040013 91 20325159
36073215 108 17732153
36074398 83 22486692
36083748 97 15972551
36088637 157 14809767
36090851 89 37761177
36147294 70 22173346
36148647 108 34146090
36155692 72 22433124
36157448 46 16335920
36167740 88 22173346
36174112 84 16255054
36174808 76 17602896
36196136 86 33312937
36249982 101 42042000
36257830 106 27284645
36265939 127 6023362
36272813 76 42042000
36274520 76 18572199
36301885 94 22173346
36329640 93 46605838
36339658 134 19588475
36379992 126 22046981
36393979 105 12461132
36396707 112 28350707
36402447 141 55058256
36405310 63 14756925
36437332 60 16407225
36453098 95 19573346
36460019 80 17602896
36461601 70 16404741
36482385 145 3887561
36489868 63 16711640
36491251 147 55058256
36509208 140 17732153
36521664 113 34469298
36538780 117 40543323
36562633 68 17602896
36581692 80 16220084
36600276 80 5974052
36646130 75 14803082
36654230 90 34146090
36655140 73 20026115
36662319 118 20520875
36685732 95 46605838
36738592 177 36003617
36747726 129 27284645
36765982 98 38741569
36767899 69 23970770
36769917 122 11961192
36855355 55 46736448
36889868 66 17602896
36908870 57 34847295
36910228 135 19656438
36912139 55 16492295
36912567 127 37496277
36916567 65 37570584
36965595 67 28939977
36969656 78 20273137
36989476 60 17602896
36996164 90 36019258
37002244 51 17517978
37011090 77 22031657
37028399 53 37474139
37090624 72 38461590
37091890 107 46605838
37112651 135 6023362
37135294 58 17429290
37154934 107 23232430
37180216 121 14809767
37194439 76 22433124
37199976 55 18765489
37202601 76 9648652
37207320 89 21616244
37254590 137 26275429
37263269 68 30442079
37268797 74 16454410
37284357 118 22066518
37304258 54 45390617
37325580 41 14803082
37325850 111 37624144
37355544 83 18040544
37436539 73 46858446
37436554 99 41598889
37474139 50 17517978
37478682 179 41787906
37482839 101 28051372
37486263 92 44014060
37486744 97 36019258
37495014 68 30442079
37496277 86 16412367
37528326 77 19165764
37553759 61 7768622
37554117 119 42934605
37561380 101 17602896
37570584 48 22088677
37574254 55 49897000
37597063 60 17602896
37616575 115 17331970
37624144 103 21795692
37631336 112 19246075
37631608 134 14117661
37668644 74 5974052
37678948 65 36437332
37685794 95 15814274
37686169 63 14821347
37705358 82 16454410
37721454 74 14821347
37724336 57 26816483
37738063 74 19280192
37740658 104 18696953
37755319 139 33983303
37761177 49 15768489
37779174 99 34699260
37794593 92 12461132
37807357 121 17958545
37828922 108 18675263
37833235 51 14821347
37834877 94 22433124
37845595 102 23845287
37846683 82 16518494
37851033 183 38861328
37853787 62 18193543
37864949 97 17065630
37889723 166 46344991
37889873 79 14257808
37892562 113 15594846
37906728 124 25240718
37907833 135 14972919
37910759 80 40537978
37928455 101 36019258
37938079 80 22981127
37963135 142 36083748
37986209 60 35586649
37997188 57 16346010
37999980 85 38002468
38002468 60 37997188
38008193 97 18675263
38013443 139 22669407
38014685 49 9536212
38027385 88 35527393
38031590 57 19110762
38032856 51 18765489
38046260 128 22039411
38064675 80 17602896
38092419 61 16723682
38103921 100 14465628
38117362 107 17732153
38138231 70 15775576
38145435 66 14821347
38175619 89 1035491
38206091 81 17680260
38216957 68 17602896
38250831 165 6073132
38258749 88 26044991
38271205 159 19907729
38271698 115 10882812
38296170 82 46858446
38296424 134 50330327
38308861 77 22323134
38381745 61 23621572
38383497 108 14141063
38383861 78 44142317
38416482 85 16335920
38459305 64 18559168
38461590 43 14136886
38462711 90 16404741
38542516 67 25717416
38551033 132 17732153
38559872 92 38693753
38590142 109 3887561
38605720 63 17425246
38629549 118 19656438
38642509 103 21330393
38644247 104 36646130
38664496 119 15322803
38678474 58 17517978
38693753 51 16404741
38697088 88 14191395
38699179 113 35423569
38699933 166 37554117
38735371 60 14756925
38736189 99 17436983
38740639 70 40153178
38741569 58 14569735
38743326 67 25025831
38766111 99 54153290
38775096 81 16404741
38779271 93 15906442
38785055 110 14858940
38793518 59 23863450
38816766 82 46605838
38819123 104 23929078
38838483 137 6968082
38861328 139 19666480
38862670 103 52148284
38867583 50 16335920
38887595 117 28253046
38896869 98 18587011
38932246 87 15618029
39014475 162 53713255
39021417 77 24868606
39034679 73 19430148
39044361 63 17680260
39053837 112 17197049
39071739 61 43245456
39114866 162 23096552
39115770 88 1035491
39189701 52 20410266
39198395 52 29793576
39212725 66 37002244
39240192 65 17055388
39245004 105 19013887
39263238 80 18559168
39271383 64 31551031
39273899 98 30726284
39293248 82 34481089
39293928 82 21970787
39315430 70 22501586
39325600 65 19599726
39335596 57 14821347
39336499 157 18096249
39337806 91 31579244
39342513 125 34958637
39351068 176 6073132
39358301 101 43844220
39365619 104 40900103
39389865 137 19493238
39399861 75 7768622
39484715 153 18198209
39491542 66 23970770
39544864 166 20080674
39570272 80 17602896
39581022 105 27252484
39587246 100 19824824
39588669 102 37304258
39594732 42 14467351
39630104 88 27615378
39639893 71 44680977
39651201 120 36538780
39665306 129 40586098
39677590 64 17680260
39697186 53 17055388
39708055 68 18765489
39719513 96 16404741
39740583 92 41228944
39741452 134 27114315
39791262 69 18193543
39800359 60 22774039
39813928 100 29294901
39825051 81 14821347
39826271 61 14678963
39838346 50 14896618
39840212 152 26315885
39848761 104 15439236
39853468 92 40408596
39853584 101 25238477
39873873 64 14821347
39880634 108 39826271
39889317 55 46858446
39910657 159 14649376
39912959 161 6073132
39936731 69 19295796
39940620 76 23668206
39940792 90 15951763
39954624 99 37495014
39969223 132 30272764
39976472 67 16404741
39994103 89 19559094
40032602 95 15171664
40033086 67 17602896
40059776 63 17602896
40062874 57 25025831
40065751 64 41113556
40092958 52 16404741
40106864 84 29630372
40121134 114 36521664
40132864 70 43061474
40143980 155 18197020
40153178 52 38461590
40161643 87 17602896
40181309 61 17602896
40187716 107 28800377
40213084 107 16742870
40221760 75 33247908
40261668 61 53921906
40266343 121 25238477
40275913 76 34556001
40284369 104 26583163
40306501 116 28253046
40313124 55 44014060
40315970 119 35595236
40329944 93 23835727
40343463 81 9768252
40353425 85 40425620
40382049 107 40900103
40386723 102 28571533
40397600 82 22173346
40408596 71 38032856
40425620 72 14821347
40504328 65 38032856
40506274 106 24639853
40517300 82 19246075
40533705 57 18765489
40537978 53 16861656
40543323 88 26150361
40570269 103 16454410
40570627 114 15298043
40586098 103 8351762
40587726 73 17602896
40595949 93 36039638
40599891 119 6023362
40610685 142 17732153
40639406 86 38032856
40642977 63 20471224
40644092 76 25025831
40655385 78 22777937
40675340 71 17602896
40676755 82 15074233
40716955 88 16492295
40724486 61 16723682
40742214 62 29429174
40744200 94 15644074
40756369 66 39873873
40770650 68 20567195
40780647 100 22123224
40823931 101 17377271
40847305 75 35437572
40900103 89 28253046
40913788 140 24538648
40916085 69 40065751
40916598 108 46605838
40938294 172 6073132
40988518 119 43692320
40991338 92 18554300
40998019 97 20042427
41003460 100 17602896
41007942 82 14118247
41012928 84 20463922
41024391 53 18431566
41029836 172 39484715
41044268 69 14317972
41058076 61 20625644
41061476 55 16335920
41068416 58 14569735
41079865 80 41475082
41086851 207 39351068
41113204 52 15451854
41113556 57 26343686
41116723 105 43328190
41119362 68 14331839
41121999 170 22658011
41126734 103 37436539
41141620 70 43435905
41178741 72 19165764
41188835 150 40506274
41228944 72 15448838
41232566 128 16890945
41243674 51 38461590
41252706 110 14371282
41296495 59 36855355
41333801 69 40756369
41341158 57 46736448
41368746 87 38461590
41386999 137 20445809
41402980 62 26150361
41404017 75 43053339
41411011 75 15451854
41450849 139 24008255
41463469 61 17602896
41475082 66 38092419
41490388 107 41619741
41491461 84 43245456
41506570 75 22957415
41508442 112 41475082
41508560 86 20823430
41535071 120 42859852
41536933 69 36019258
41544104 156 30272764
41582694 100 20460655
41596677 141 19619709
41598889 61 43384791
41612275 87 11879622
41615322 64 17602896
41619741 63 39800359
41622840 86 17602896
41630485 135 23620441
41688634 57 22323134
41688769 88 41688634
41708726 66 18949610
41766998 85 48374425
41769299 85 17602896
41769527 85 15775576
41785156 131 40595949
41787906 170 39969223
41799497 84 15356324
41805817 59 15713200
41824386 77 18587011
41833681 67 41113556
41868350 36 7768622
41885915 67 33405960
41906533 102 43483028
41918388 55 14467351
41934564 68 16454410
41946584 116 27284645
41975826 61 38741569
41990037 158 37554117
42007018 112 47295095
42042000 61 29527746
42053594 61 18587011
42088028 64 39826271
42091316 182 22658011
42094632 141 22106079
42116146 74 33672978
42117980 78 16936748
42144389 61 16861656
42146797 123 48484585
42148061 172 6073132
42155139 123 37528326
42167751 98 22711011
42169607 108 9648652
42173203 102 36019258
42241569 169 18129716
42268698 57 16861656
42275885 94 14297336
42278494 129 17732153
42289551 132 21143188
42326552 120 26710480
42335019 59 37570584
42394990 136 8273852
42403196 72 25497062
42406692 73 20410266
42423742 101 37304258
42425496 72 24459094
42433219 86 18354189
42480267 61 14569735
42484464 74 28652333
42513449 57 20575748
42528334 70 15351734
42533851 95 25025831
42565275 107 38741569
42629450 86 21314454
42668851 257 32231147
42717277 116 18096249
42717942 83 16335920
42739412 109 14540222
42743284 84 27875464
42751653 84 646193
42754016 84 6757352
42754488 61 14136886
42848145 134 26483108
42859852 72 39198395
42864011 74 23387320
42867978 147 55931135
42901575 115 22158382
42904582 113 15021827
42934605 84 20463922
42951228 110 33545031
42988631 70 24612449
43019668 119 11970082
43027017 95 29286078
43047241 45 16335920
43053339 55 6634482
43061474 49 16335920
43074937 81 11970082
43093039 57 37474139
43107848 87 15710079
43141819 117 20050499
43166347 52 14204391
43168923 90 15844717
43211825 87 39940620
43216577 179 42848145
43235938 105 2000931
43245456 48 38461590
43245505 77 41341158
43267524 167 41990037
43277248 164 14945705
43285255 103 23313547
43306223 71 20042427
43328190 68 24765021
43330814 60 58328016
43332896 198 16908090
43339594 69 43384791
43348815 47 19213943
43360299 78 18949610
43365567 155 24538648
43366341 98 44014060
43376522 154 46339632
43384791 59 44014060
43388821 61 46445820
43394467 52 27563460
43435905 67 38735371
43440524 104 6757352
43483028 65 57064446
43500641 108 14081288
43515437 108 46605838
43560079 67 21301497
43573655 92 52876450
43584028 60 29527746
43585830 99 16255054
43595794 118 41411011
43602305 96 56050480
43619444 76 44020351
43637603 90 41402980
43653270 101 27719505
43683812 59 37199976
43684564 52 37761177
43690785 54 14966703
43692320 93 14211032
43694735 53 39594732
43783998 96 9648652
43785000 70 23123427
43788185 70 42053594
43809649 112 24535680
43827496 51 20410266
43844220 55 15565558
43873253 80 22323134
43873968 94 50993308
43874689 60 30412103
43876207 120 15536464
43876291 116 20324576
43877373 75 14569735
43884612 172 24825539
43892476 89 15451854
43955627 158 52211505
43958482 80 36989476
43970625 117 14430046
43973444 57 20410266
43981667 99 19214249
43984417 170 21268657
43988067 89 174853
44001969 87 37011090
44003525 60 16454410
44014060 54 48423459
44015080 67 30926220
44020351 61 49699899
44052131 106 41126734
44052959 78 17476100
44080815 88 15171664
44088009 92 17602896
44091996 157 19922973
44092451 72 14745185
44120889 93 20460655
44133416 49 43245456
44137319 62 44133416
44140317 46 18779678
44142317 55 39838346
44152150 74 17602896
44159763 125 28064852
44198336 108 19482545
44204296 91 46019856
44205826 207 25368990
44211326 67 24562682
44215611 46 29730809
44232599 160 17100743
44243160 212 16677545
44257944 114 7374322
44268506 94 20221681
44292695 56 22433124
44318675 83 42859852
44357322 91 15746645
44397485 100 15171664
44437319 72 18765489
44453315 107 37495014
44465884 107 44020351
44471888 72 47671241
44483638 130 17732153
44491229 68 18259845
44510526 123 25972738
44517043 89 3249
44518769 79 19280192
44544599 107 39825051
44564719 57 38032856
44570835 53 18066750
44576411 57 16723682
44613788 94 29527746
44617439 110 14972919
44634395 111 13220962
44637524 58 16335920
44643987 94 24233422
44680977 66 42053594
44711030 55 18765489
44716621 82 17610324
44720990 65 50573241
44724041 76 14687293
44747982 77 14371282
44773041 121 38383861
44828519 107 41598889
44864483 68 22433124
44865802 55 14331839
44870515 139 53954011
44890598 102 46154412
44892096 133 17072938
44911750 113 25982978
44933016 56 29730809
44933134 55 44014060
44954455 191 30539705
44962735 88 18050436
44967149 56 17602896
44971712 68 38381745
44977874 121 26340326
45005788 58 54368334
45025526 68 58423227
45032875 119 16696736
45068406 69 14731900
45074513 94 45602858
45139578 61 28652333
45176308 126 34882813
45185658 71 36019258
45190734 143 20881078
45216859 74 14204391
45246915 67 38032856
45277336 73 46279956
45285932 93 45246915
45295872 112 44680977
45325015 73 42754488
45350853 99 19013887
45354022 55 25025831
45379655 89 38032856
45390617 52 18837053
45391453 61 27563460
45421184 78 18587011
45480466 128 14972919
45516289 49 18765489
45536937 65 15451854
45547366 65 37474139
45549138 91 16890945
45550439 71 17119513
45553437 77 17119513
45560123 71 18008804
45564047 55 25025831
45583108 84 14144487
45602858 73 45068406
45646936 128 40543323
45650676 109 34958637
45661918 82 44724041
45702761 155 19556065
45740255 142 6073132
45761254 48 23621572
45771827 191 16540217
45785351 67 35651634
45805492 79 20251285
45808239 97 16087234
45838901 99 46605838
45840479 77 46340726
45845464 70 16478093
45848628 51 15768489
45852752 82 15171664
45853312 64 21301497
45888925 58 14746423
45939101 71 36019258
45942934 67 30420196
45954410 87 43339594
45955856 120 45954410
45958023 99 14367902
45986328 183 25598150
46011131 125 19152887
46019856 67 42042000
46027552 86 56610180
46030010 99 39034679
46037228 108 42934605
46075517 73 45005788
46075938 126 21386793
46078993 67 24745765
46090350 95 14144487
46093409 170 23620441
46114030 85 27052060
46117353 74 17958545
46126056 133 44257944
46131010 148 37845595
46132738 64 37574254
46136415 100 46605838
46147579 74 47295095
46154412 87 30442079
46166014 74 21344248
46166474 96 32435523
46183405 82 36274520
46183587 64 25025831
46199794 58 15301640
46217245 101 18540837
46240296 107 14144487
46259118 160 32848646
46279956 61 18008804
46302170 120 32348324
46312061 92 38740639
46324773 81 29717582
46330401 65 30166777
46334277 88 15171664
46339632 117 44747982
46340726 68 41061476
46342038 119 44716621
46342899 143 16576211
46344991 141 57291277
46358890 125 28477687
46368952 69 44133416
46385075 63 18008804
46403378 139 46126056
46408488 63 25025831
46412694 105 17732153
46415058 82 37528326
46434996 90 46445820
46442892 69 14569735
46445820 57 25025831
46448930 149 21092224
46450949 125 15171664
46501372 146 15751301
46512626 68 22323134
46513198 119 893121
46569717 67 18333883
46575824 128 35895649
46581391 74 45516289
46590267 90 23853477
46598077 75 7212162
46605838 81 43684564
46615072 214 24101224
46625573 93 46605838
46644655 127 26774659
46647157 97 42717942
46666003 107 34556001
46676438 98 33706528
46692134 62 29527746
46715701 103 46605838
46721442 92 14410206
46722270 68 38735371
46731750 117 29014867
46731940 85 24234863
46736448 54 13492492
46737415 82 16669829
46737950 124 47315726
46749509 74 19011442
46773108 58 43973444
46784568 117 37834877
46803890 80 15924107
46825456 69 14144487
46831927 80 23668206
46851715 127 40121134
46858446 54 38032856
46859804 76 18008804
46912215 99 20594910
46912435 100 29785821
46928687 87 24139381
46931233 99 17995265
46936686 59 16335920
46956031 98 17602896
46957203 134 27284645
46994061 79 39708055
46995795 175 46851715
47007524 76 27958982
47017833 113 30298915
47050630 63 17602896
47063948 51 45516289
47072182 74 6036242
47081465 62 40062874
47089389 53 16335920
47105541 86 23094448
47120789 119 46605838
47161580 82 30926220
47166387 119 48374425
47171651 66 27915536
47223831 171 26315885
47234392 103 46581391
47249500 159 58729261
47257299 57 16711640
47270975 100 15171664
47271429 68 31445581
47281027 115 32348324
47295095 69 27998376
47303400 89 40221760
47315726 107 25803340
47323229 104 47675454
47334346 116 40570627
47382915 174 26666647
47385633 72 25025831
47411523 86 41598889
47432403 104 14051946
47449621 98 44014060
47456872 130 15206141
47486400 109 54707991
47497898 81 17602896
47513800 70 17602896
47527620 160 46450949
47530492 81 18587011
47536180 59 14569735
47538354 50 16335920
47544821 84 849791
47551597 48 10471772
47558664 106 8697992
47564682 59 14745185
47591521 99 21922922
47618162 124 40266343
47621997 109 46605838
47641036 58 44014060
47646446 56 9697042
47671241 68 16454410
47672756 67 16454410
47675454 62 14746423
47683401 111 48247862
47683534 98 46605838
47686366 59 16629016
47696746 115 18291673
47697147 220 41787906
47708857 125 14598850
47710124 103 46605838
47728721 78 43093039
47731101 86 19013887
47856401 86 30021835
47856686 100 30166777
47864927 81 15451854
47866116 81 19385982
47906439 183 30306132
47908983 94 43384791
47909960 96 14131628
47923348 113 30250360
47928420 62 27328819
47937721 189 35575396
47946466 49 17055388
47959447 103 19859327
47977180 92 39198395
47977653 82 37495014
47982168 84 29730809
47995933 115 15536464
47996820 114 19013887
48012193 108 33240098
48012650 57 18587011
48060121 68 30420196
48068612 72 34556001
48073550 63 16255054
48081684 91 19013887
48082115 104 42173203
48107323 47 18431566
48125543 79 48247862
48127994 133 15594846
48129989 156 18777618
48138482 74 19246075
48195542 198 30539705
48224909 138 37561380
48237558 53 23621572
48247862 73 16861656
48251490 95 17602896
48255957 71 22023586
48265559 57 21029741
48270961 89 46183587
48288004 111 30441954
48289529 86 36019258
48293556 89 50076050
48302589 87 46737415
48349231 94 18587011
48368033 84 48247862
48374425 72 41061476
48405523 103 42088028
48423459 53 49209499
48444972 118 27686134
48484585 118 47449621
48486837 99 37194439
48487905 143 6073132
48489354 104 48490267
48490267 96 48797783
48496683 105 20639600
48511643 95 19013887
48524909 88 15924107
48530984 60 23123427
48531703 84 20823742
48540770 72 15799150
48562339 126 15844717
48564338 84 23682192
48571055 134 39630104
48586475 171 6073132
48593090 68 38381745
48593886 60 37570584
48605224 97 37194439
48615946 118 54318370
48654970 90 43245505
48655139 70 24888199
48661486 132 16297351
48684064 91 42053594
48731628 100 16454410
48731889 78 16454410
48739299 48 34849545
48752769 108 14322415
48752900 88 18765489
48774160 131 26036425
48784835 122 46605838
48797783 66 25025831
48803523 93 42053594
48812662 110 22173346
48823345 67 20625644
48824214 68 16478093
48825628 132 34539891
48845929 90 25025831
48857939 115 22538039
48886906 108 22535209
48899597 132 25461155
48911734 67 39335596
48932404 90 29527746
48938442 97 36916567
48952536 76 46199794
48975850 108 42754016
48981389 77 15746645
49002882 128 26693217
49005680 89 34026099
49008438 86 13683952
49025361 114 27334317
49056745 87 37889873
49058742 64 18587011
49069966 116 6023362
49096814 113 14430421
49098205 131 30833894
49103354 90 44716621
49141727 118 42754016
49148522 162 41232566
49154479 64 20635015
49209499 49 19110762
49211099 119 15241044
49219266 124 44510526
49228004 134 43235938
49234199 126 48615946
49256246 120 16032077
49256559 97 45549138
49258662 170 33693935
49259616 60 43690785
49261623 102 24635359
49264947 111 28468548
49265830 99 31551031
49268614 135 26774659
49270124 94 46605838
49326871 159 21085141
49396156 112 34791890
49398649 105 29333785
49404162 92 15906442
49418526 166 14179684
49470141 116 30021835
49498724 163 5609352
49499654 90 9023142
49502219 101 47449621
49508140 106 23712321
49510070 58 45390617
49549033 89 15799150
49553772 110 20251285
49573363 55 19011442
49580966 61 30166777
49608648 131 38932246
49608656 90 15171664
49611963 51 43245456
49636302 128 12030222
49638079 109 34962550
49651774 143 50529057
49682946 85 16404741
49699899 55 15101263
49719161 97 28131724
49734858 125 29014867
49747446 82 28193089
49758655 86 16346010
49767950 73 18587011
49800582 70 14966703
49807165 112 18154676
49817105 78 20251285
49821407 113 19674860
49826248 107 23502494
49841269 83 17602896
49843134 148 20031862
49853192 120 46605838
49880987 147 17732153
49897000 50 16335920
49964090 99 44716621
49965259 142 49964090
49990723 54 29793576
50012603 68 54153290
50025626 90 13492492
50031425 112 34938879
50033566 88 15171664
50036622 97 27328819
50060544 80 19721130
50069022 59 17119513
50071693 65 21152997
50073170 59 17680260
50076050 72 46442892
50093094 144 57303398
50099122 93 29479819
50103708 61 39335596
50150226 44 14136886
50153934 138 46666003
50166119 135 35595236
50178245 128 49747446
50185653 76 27563460
50190653 64 16492295
50200443 132 43366341
50228192 106 44020351
50265693 125 47996820
50271745 71 51941633
50272055 98 45516289
50330327 104 45536937
50352365 122 41404017
50353954 88 31579244
50401339 156 28695538
50403468 81 43877373
50518645 81 23387320
50524120 64 16723682
50528630 178 24880199
50529057 97 14936139
50529086 178 49651774
50530903 71 30926220
50540377 123 46217245
50546375 112 19013887
50554300 101 19013887
50572051 70 15143706
50573241 57 30011948
50603575 97 16619881
50604246 75 41868350
50604821 155 22595168
50606734 118 35299101
50610547 96 174853
50677546 122 25139497
50684205 95 24902209
50696651 79 12161622
50705507 73 29730809
50708786 100 48068612
50717337 218 24654723
50717718 72 21029741
50724404 204 29307483
50737776 123 16134597
50775971 95 52994616
50823862 83 17444676
50824273 125 49549033
50828950 136 52211505
50843805 70 16454410
50905208 100 19122167
50935805 79 16335920
50945855 80 39335596
50993308 60 29793576
51001995 52 34849545
51019252 95 17202653
51028388 113 17197049
51064793 121 19013887
51079722 76 50271745
51082559 107 6045892
51098091 115 19721130
51100713 140 39588669
51122292 56 17517978
51125740 85 15799150
51129259 86 18587011
51139469 100 37833235
51148148 95 46859804
51180447 113 16581832
51198266 104 6757352
51203459 140 16242852
51209295 62 37833235
51210044 90 36019258
51222339 122 51983235
51225623 99 23007468
51238120 65 53198153
51239869 56 16454410
51247830 130 41766998
51251211 59 26150361
51266154 90 27052060
51284487 134 30115472
51297139 82 53711791
51308435 95 17602896
51309609 136 20153605
51365331 111 50775971
51370142 139 15430445
51370811 88 19841140
51384356 200 25368990
51395583 55 1035491
51397297 79 39826271
51424472 77 40724486
51467132 123 51082559
51474219 147 16039539
51478377 108 28707263
51496805 88 22486692
51509439 159 49141727
51538609 141 20022837
51540317 100 56050480
51541561 97 22150493
51543319 64 34556001
51554586 123 19013887
51615168 56 7768622
51619078 109 48081684
51626384 108 18163460
51631515 65 14144487
51634521 76 14728249
51646633 106 23518265
51647148 122 19013887
51654301 131 6063112
51666914 98 22535209
51671841 136 29936856
51674472 112 34264671
51680841 79 21069182
51692348 147 29333785
51732872 175 53055840
51742159 84 14821347
51792383 76 14514411
51805021 161 32848646
51808853 142 30065257
51821520 96 52994616
51863344 72 35070426
51871742 125 52665902
51872071 123 10882812
51873170 40 7768622
51893982 81 17599896
51902539 66 47564682
51904763 59 45888925
51907059 103 12614892
51915718 80 29949064
51920886 62 36019258
51922331 149 31061974
51929121 107 16434256
51933577 312 34363763
51941633 57 50150226
51947824 118 30525315
51949384 157 6835492
51955732 105 26277260
51963929 97 11023172
51976673 91 12614892
51983235 109 17610324
52003347 80 34847295
52016631 81 21152997
52031497 159 15154671
52049649 175 16677545
52057117 112 40998019
52060522 62 54153290
52062241 96 24276026
52063266 122 46605838
52096508 218 41121999
52096626 77 23645224
52139717 106 19873062
52148284 69 40724486
52152235 77 24276026
52159526 108 17732153
52205082 60 17055388
52211505 108 19732688
52232125 144 27608077
52235774 95 14769030
52259298 126 52235774
52265538 126 6023362
52279502 156 25826518
52296951 136 7898462
52315044 98 27922380
52325081 63 27719505
52331427 71 19110762
52331494 91 18001433
52360344 82 19548378
52396726 94 48803523
52411572 117 46605838
52415430 91 17602896
52421334 67 29730809
52454440 89 2046051
52470122 134 15518824
52483833 88 29224553
52498596 59 15451854
52505909 84 17680260
52511947 103 34958637
52543360 65 57026989
52545646 170 18594242
52551665 138 20246148
52593163 62 14482599
52615752 78 28163863
52616646 86 54153290
52629489 81 24489983
52637464 98 18587011
52657376 94 2791821
52660039 132 18952127
52665902 86 44680977
52671231 144 11240192
52671654 74 17197049
52701081 73 55997405
52718136 83 9768252
52719977 89 53773906
52736149 132 19263330
52742978 68 27922380
52765757 122 6023362
52780424 124 26277260
52800023 65 51543319
52830327 89 43483028
52857852 166 58729261
52858102 73 43245456
52876450 86 14144487
52921358 73 18226951
52930458 162 28839467
52934839 83 14577517
52937511 167 37554117
52938321 118 37779174
52957515 90 27719505
52968753 57 34255005
52976891 122 23733742
52981650 79 14408366
52994616 75 18050436
52998776 74 16375404
53009573 147 19867423
53018010 109 18989688
53029762 103 21711248
53050299 93 57026989
53055840 130 21528203
53098935 104 15965708
53101025 117 18592015
53104875 89 26948533
53106010 83 17393421
53109956 62 16924832
53110680 166 44232599
53113777 94 17072938
53121020 72 43245456
53127357 106 38642509
53130934 95 16723682
53134358 113 18909758
53146474 93 17329107
53148732 106 26132342
53165480 117 47449621
53176606 95 23502494
53185241 68 16454410
53198153 64 15768489
53198951 64 32224948
53231785 85 15924542
53302037 111 54032502
53315824 90 20273137
53322252 155 20022837
53337351 103 17331970
53349667 71 16335920
53350664 81 28163863
53353077 146 25719360
53355067 140 47315726
53381557 112 32511377
53393718 88 8812452
53443144 69 42053594
53444352 98 17909456
53500410 84 48423459
53500488 95 36157448
53516966 84 15188999
53537641 51 36157448
53559511 88 17602896
53580466 161 20022837
53587694 56 10473582
53591358 107 14367902
53599503 116 28418772
53604671 186 16930172
53634420 62 16003225
53639296 192 26467153
53641340 123 14081288
53672422 97 37528326
53692866 62 19693312
53711791 70 52060522
53713255 125 17701591
53742921 81 56050480
53749612 57 58328016
53773906 85 32158937
53780816 72 23094448
53814008 182 6073132
53817365 135 20022837
53819160 86 55985554
53850789 152 44890598
53855642 64 16003225
53871940 125 18069397
53876364 111 41116723
53878710 151 29257626
53884050 157 24538648
53884110 134 17177717
53915801 96 17497773
53921906 52 15451854
53929648 67 51904763
53942936 70 7768622
53954011 101 27417156
53961107 148 51180447
53971148 167 53165480
53989880 65 27998376
54032502 76 28163863
54038638 113 53098935
54059880 101 17008378
54069874 80 17995265
54078307 95 24234863
54115533 147 6078192
54123081 68 45516289
54123954 94 30336330
54146678 103 23313547
54153290 56 37199976
54157376 90 25717416
54171006 69 16976485
54191848 72 6757352
54208922 80 15129385
54212219 90 34831498
54222075 91 19152887
54277373 115 21653518
54296559 59 849791
54298664 104 33500634
54304401 90 43330814
54310956 109 19013887
54317234 97 40724486
54318370 106 54357003
54319902 98 30336330
54320711 106 58658823
54327770 68 17344056
54354508 71 47564682
54357003 73 43245456
54362210 88 37997188
54368334 55 14966703
54383159 141 38013443
54415282 60 11879622
54415748 53 30412103
54421784 119 15212568
54430464 166 58729261
54444830 79 16407225
54469179 93 20567195
54470255 100 32348324
54503775 65 17224151
54546812 65 9768252
54619783 131 53876364
54631190 102 6757352
54670220 86 58328016
54691070 134 25876192
54707991 84 38740639
54766749 115 18096249
54784978 105 33511047
54787475 77 15127804
54826884 80 47257299
54865129 98 31631373
54865879 211 39014475
54870610 139 11746652
54875517 105 51821520
54882913 91 40724486
54887330 102 49767950
54889688 181 33721149
54901330 60 18765489
54965062 88 18700463
54967657 78 17329107
54991118 108 40261668
54992604 175 24880199
54997958 13 1173
54998130 69 33027402
55000974 105 22083
55010935 152 9059822
55039678 136 54318370
55042537 132 18096249
55045116 90 15703763
55046154 56 19383219
55058256 127 11746652
55074460 52 38461590
55085892 74 16976485
55093074 120 15594846
55097645 113 18220318
55126453 85 6634482
55127241 110 15594846
55144056 127 46090350
55160591 93 26673325
55161478 45 7768622
55183928 119 21751917
55189870 80 18587011
55189995 90 10473582
55208943 59 22957415
55231989 106 57178193
55247359 207 22979543
55258849 122 39740583
55268480 83 13683952
55291278 71 40313124
55331336 118 25031795
55335034 209 6721492
55369860 79 6757352
55381229 102 27719505
55403023 163 57743982
55411311 106 20221681
55419776 78 21260723
55530353 66 45848628
55636230 75 19013887
55636999 72 19165764
55647118 95 29294901
55680497 65 38032856
55698511 153 14063340
55731667 99 16137861
55738059 88 15695411
55741197 128 16409698
55749624 120 30264254
55758976 142 25876192
55763723 110 60512494
55767654 58 16861656
55779190 95 10452452
55781748 103 41799497
55791022 198 19818932
55795453 70 15768489
55802941 114 53742921
55843909 135 52719977
55873705 198 25368990
55906349 106 46859804
55921151 97 56946733
55931135 118 22669407
55936375 136 43692320
55949235 129 25031795
55968112 117 17133231
55974558 116 18567397
55985554 57 6634482
55997405 59 16454410
56014649 83 26622422
56050480 60 21344248
56052242 64 6036242
56085198 63 44637524
56149453 137 32346618
56171639 221 50528630
56172512 122 55268480
56215867 69 20410266
56216747 128 47449621
56220080 113 30253138
56249160 113 56215867
56287444 99 18291673
56295159 110 30021835
56331186 111 53742921
56357002 105 11746652
56361763 107 6614142
56455137 178 14945705
56477448 131 25876192
56482637 62 6757352
56492022 91 1214091
56498547 241 23546582
56543570 159 20754069
56545204 109 16280566
56565873 225 26033692
56581066 97 31633101
56610180 85 57526604
56628166 91 22863363
56668346 63 23542821
56669867 129 20384588
56675816 78 46442892
56688451 61 44133416
56697908 109 21433419
56700661 65 19571137
56723367 112 28203096
56726652 81 17610324
56760191 104 18949610
56764657 135 20022837
56773741 96 35651634
56774091 75 27615378
56792128 184 55758976
56803192 108 37495014
56807124 119 17732153
56809929 73 17602896
56856891 59 45005788
56871661 79 21247546
56918656 123 21731864
56932280 68 18084348
56932505 95 6023362
56946733 58 37474139
56949378 65 25025831
56962209 91 6243822
56968397 101 34036060
56978504 90 16480411
56980429 105 41975826
56992383 127 30525315
57023447 69 51001995
57026989 56 17602896
57030024 72 52543360
57035011 69 27998376
57047119 70 18189237
57057266 159 20343026
57064446 62 44014060
57121909 196 41188835
57121987 185 20343026
57140117 84 14579921
57177787 91 20439922
57178193 68 48530984
57184792 113 52325081
57186703 66 17602896
57196087 69 35165052
57229689 90 30877284
57234589 58 16629016
57238594 115 53711791
57246691 122 28193089
57253940 168 6073132
57254362 53 18837053
57261477 148 57184792
57291277 110 51238120
57297294 47 23863450
57299496 114 19732688
57303398 94 56949378
57306123 80 16976485
57329328 80 22173346
57348027 137 19588475
57379982 159 58729261
57429969 116 52483833
57443665 122 26543123
57453217 133 17732153
57502588 131 53018010
57526604 59 30926220
57528124 52 37474139
57549340 130 30525315
57556874 68 17680260
57577326 97 18700463
57577936 81 37528326
57578692 50 23863450
57604976 111 56545204
57611368 125 21603914
57624162 97 27915536
57641775 129 29578810
57657129 126 18100987
57681882 114 51238120
57714947 108 35800923
57743982 127 52415430
57760317 53 15351734
57760627 103 51395583
57764058 160 46737950
57772889 59 56946733
57782137 67 16976485
57796552 116 17331970
57814438 110 24489983
57824828 168 46344991
57829338 85 17393421
57842321 87 17602896
57846226 74 27998376
57893349 166 21360114
57910636 86 46825456
57913471 189 21600186
57916695 77 58423227
57989931 166 1547091
57994735 166 17032096
58009773 84 30598247
58014525 178 30863958
58022067 107 13375242
58022157 80 26858380
58027390 175 58729261
58036912 155 42278494
58043396 134 21930446
58061139 60 9536212
58062455 162 58729261
58082243 93 1053341
58124952 75 9648652
58127566 73 58423227
58156004 88 30420196
58187056 92 1276151
58235109 142 17125632
58253798 122 38664496
58273630 231 18069141
58293395 138 18199743
58313366 57 48107323
58313397 92 54546812
58328016 52 15768489
58344165 73 16723682
58367745 94 16335920
58367782 99 6023362
58411361 116 17331970
58419023 101 28418772
58423227 56 40313124
58486515 111 22097407
58516756 102 9551802
58529031 82 6820332
58557948 78 646193
58558500 96 36654230
58607220 155 46737950
58630764 159 58729261
58658823 96 50033566
58668138 199 54430464
58676426 68 14430923
58696552 150 59540722
58729261 140 36249982
58775750 69 13683952
58789404 73 17119513
58802179 149 58729261
58837234 147 32848646
58843369 79 17680260
58894784 195 16027386
58900836 177 58729261
58915686 73 21637231
58921330 97 6757352
58923365 135 15729274
58985449 161 7848592
58991288 104 47513800
59010138 91 36157448
59012717 150 59099717
59024547 140 34486083
59038674 90 23567128
59076617 92 20419958
59088681 115 16747926
59099717 114 57760627
59136768 107 10312392
59153789 67 22323134
59177832 63 26150361
59210443 106 17177717
59241854 91 42268698
59315352 71 56946733
59328822 121 45661918
59342001 60 31416352
59365036 65 35586649
59387585 89 15279621
59389699 66 17602896
59399351 209 13377222
59405440 82 48655139
59423140 104 41368746
59508904 26 1173
59540722 113 19515574
59550656 105 19013887
59561963 99 18467226
59584634 98 16861656
59646046 157 50737776
59667028 96 7947522
59675324 112 48068612
59735711 165 16852816
59738614 151 38642509
59790934 120 16831050
59826911 86 26150361
59838496 64 54368334
59855510 90 48068612
59902593 107 48068612
59943806 148 15879032
60047306 147 47486400
60083507 98 14953679
60085676 102 20895284
60114431 66 23244919
60114863 100 17602896
60134410 85 16861656
60146062 123 15594846
60183444 177 16540217
60217764 147 18723460
60231391 95 57177787
60245966 174 58729261
60269173 77 39335596
60335973 127 49817105
60377760 111 43483028
60410972 88 51238120
60508495 120 14937068
60512494 66 15893110
60532584 99 43483028
60617515 82 14514411
60635817 93 17602896
60669323 93 1035491
60715529 86 57528124
60736817 114 24337186
60766631 95 17329107
60820569 116 23502494
60826311 70 17680260
60838739 86 59365036
60895514 84 17602896
60921376 103 7280572
60942240 74 18154676
60977228 93 25727521
61094662 134 16917512
61123601 72 18189237
61134558 95 35751237
61157184 129 60231391
61163298 69 17602896
61184342 103 17230850
61229135 90 15649662
61246500 169 38046260
61367691 89 6634482
61460695 186 58802179
61560829 71 20567195
